-12.5 -12.5 -2.03797e-06
-12.5 -11.875 -3.39142e-06
-12.5 -11.25 -5.93606e-06
-12.5 -10.625 -9.12695e-06
-12.5 -10 -1.22469e-05
-12.5 -9.375 -1.72419e-05
-12.5 -8.75 -2.48607e-05
-12.5 -8.125 -3.53237e-05
-12.5 -7.5 -4.9254e-05
-12.5 -6.875 -6.73894e-05
-12.5 -6.25 -9.04725e-05
-12.5 -5.625 -0.000119184
-12.5 -5 -0.00015406
-12.5 -4.375 -0.000195407
-12.5 -3.75 -0.000243201
-12.5 -3.125 -0.000297006
-12.5 -2.5 -0.000355908
-12.5 -1.875 -0.000418488
-12.5 -1.25 -0.000482823
-12.5 -0.625 -0.000546556
-12.5 0 -0.000607019
-12.5 0.625 -0.000661472
-12.5 1.25 -0.000707351
-12.5 1.875 -0.000742404
-12.5 2.5 -0.000764652
-12.5 3.125 -0.000771647
-12.5 3.75 -0.000755092
-12.5 4.375 -0.000681336
-12.5 5 -0.000467271
-12.5 5.625 -3.66153e-05
-12.5 6.25 0.000490369
-12.5 6.875 0.000760244
-12.5 7.5 0.000573203
-12.5 8.125 0.00015956
-12.5 8.75 -0.000143591
-12.5 9.375 -0.000247363
-12.5 10 -0.000239002
-12.5 10.625 -0.000199039
-12.5 11.25 -0.000158043
-12.5 11.875 -0.000122576
-12.5 12.5 -9.32381e-05

-11.875 -12.5 -5.56462e-06
-11.875 -11.875 -3.59174e-05
-11.875 -11.25 -0.000174046
-11.875 -10.625 -0.000271834
-11.875 -10 -0.000134495
-11.875 -9.375 -4.41807e-05
-11.875 -8.75 -4.38178e-05
-11.875 -8.125 -6.15551e-05
-11.875 -7.5 -8.5823e-05
-11.875 -6.875 -0.000117423
-11.875 -6.25 -0.000157644
-11.875 -5.625 -0.000207672
-11.875 -5 -0.000268444
-11.875 -4.375 -0.000340489
-11.875 -3.75 -0.000423767
-11.875 -3.125 -0.000517518
-11.875 -2.5 -0.000620142
-11.875 -1.875 -0.000729111
-11.875 -1.25 -0.000840872
-11.875 -0.625 -0.000950809
-11.875 0 -0.00105365
-11.875 0.625 -0.00114479
-11.875 1.25 -0.00122158
-11.875 1.875 -0.00128237
-11.875 2.5 -0.0013234
-11.875 3.125 -0.00133276
-11.875 3.75 -0.00125468
-11.875 4.375 -0.000856995
-11.875 5 0.000433785
-11.875 5.625 0.00314799
-11.875 6.25 0.00647542
-11.875 6.875 0.00801382
-11.875 7.5 0.00641155
-11.875 8.125 0.00325628
-11.875 8.75 0.000864081
-11.875 9.375 -0.000147541
-11.875 10 -0.000367412
-11.875 10.625 -0.000341049
-11.875 11.25 -0.000274923
-11.875 11.875 -0.000213558
-11.875 12.5 -0.000162463

-11.25 -12.5 -0.000151712
-11.25 -11.875 -0.00163239
-11.25 -11.25 -0.00867849
-11.25 -10.625 -0.013549
-11.25 -10 -0.00601429
-11.25 -9.375 -0.000798218
-11.25 -8.75 -0.000100431
-11.25 -8.125 -0.000105499
-11.25 -7.5 -0.000146738
-11.25 -6.875 -0.000200766
-11.25 -6.25 -0.000269535
-11.25 -5.625 -0.000355071
-11.25 -5 -0.000458976
-11.25 -4.375 -0.000582156
-11.25 -3.75 -0.000724541
-11.25 -3.125 -0.000884818
-11.25 -2.5 -0.00106014
-11.25 -1.875 -0.00124554
-11.25 -1.25 -0.00143241
-11.25 -0.625 -0.00160661
-11.25 0 -0.00175131
-11.25 0.625 -0.00186089
-11.25 1.25 -0.00195336
-11.25 1.875 -0.00205396
-11.25 2.5 -0.0021569
-11.25 3.125 -0.00219379
-11.25 3.75 -0.00188923
-11.25 4.375 -0.000158817
-11.25 5 0.00566347
-11.25 5.625 0.0180467
-11.25 6.25 0.0332352
-11.25 6.875 0.0400773
-11.25 7.5 0.032305
-11.25 8.125 0.0173108
-11.25 8.75 0.00587103
-11.25 9.375 0.000865507
-11.25 10 -0.000434829
-11.25 10.625 -0.00056037
-11.25 11.25 -0.000468235
-11.25 11.875 -0.000365036
-11.25 12.5 -0.00027777

-10.625 -12.5 -0.00432161
-10.625 -11.875 -0.0260531
-10.625 -11.25 -0.128871
-10.625 -10.625 -0.200194
-10.625 -10 -0.088509
-10.625 -9.375 -0.0111362
-10.625 -8.75 -0.000514356
-10.625 -8.125 -0.000180445
-10.625 -7.5 -0.000246191
-10.625 -6.875 -0.000336824
-10.625 -6.25 -0.000452196
-10.625 -5.625 -0.000595696
-10.625 -5 -0.000770005
-10.625 -4.375 -0.00097664
-10.625 -3.75 -0.00121549
-10.625 -3.125 -0.00148425
-10.625 -2.5 -0.00177716
-10.625 -1.875 -0.00208014
-10.625 -1.25 -0.00235625
-10.625 -0.625 -0.00252618
-10.625 0 -0.0024926
-10.625 0.625 -0.00226571
-10.625 1.25 -0.0020761
-10.625 1.875 -0.00221614
-10.625 2.5 -0.00269449
-10.625 3.125 -0.00311272
-10.625 3.75 -0.00242253
-10.625 4.375 0.00284026
-10.625 5 0.021054
-10.625 5.625 0.0599808
-10.625 6.25 0.107741
-10.625 6.875 0.129098
-10.625 7.5 0.104255
-10.625 8.125 0.0565848
-10.625 8.75 0.0201545
-10.625 9.375 0.00407363
-10.625 10 -0.000276005
-10.625 10.625 -0.000886784
-10.625 11.25 -0.000781287
-10.625 11.875 -0.000612186
-10.625 12.5 -0.000466003

-10 -12.5 -0.0593426
-10 -11.875 -0.147801
-10 -11.25 -0.551992
-10 -10.625 -0.838307
-10 -10 -0.369853
-10 -9.375 -0.0463273
-10 -8.75 -0.001835
-10 -8.125 -0.000306911
-10 -7.5 -0.000405311
-10 -6.875 -0.000554483
-10 -6.25 -0.000744394
-10 -5.625 -0.00098053
-10 -5 -0.00126703
-10 -4.375 -0.00160566
-10 -3.75 -0.00199694
-10 -3.125 -0.00243937
-10 -2.5 -0.00291562
-10 -1.875 -0.00336404
-10 -1.25 -0.00358202
-10 -0.625 -0.00308773
-10 0 -0.00128348
-10 0.625 0.00168943
-10 1.25 0.00418345
-10 1.875 0.00413325
-10 2.5 0.00138372
-10 3.125 -0.00188256
-10 3.75 -0.00213961
-10 4.375 0.00830886
-10 5 0.0471023
-10 5.625 0.130579
-10 6.25 0.233064
-10 6.875 0.278806
-10 7.5 0.225261
-10 8.125 0.122662
-10 8.75 0.0442202
-10 9.375 0.00951507
-10 10 3.15587e-05
-10 10.625 -0.00140268
-10 11.25 -0.0012816
-10 11.875 -0.00100754
-10 12.5 -0.000767133

-9.375 -12.5 -0.351416
-9.375 -11.875 -0.439868
-9.375 -11.25 -0.743448
-9.375 -10.625 -1.0016
-9.375 -10 -0.437359
-9.375 -9.375 -0.0547814
-9.375 -8.75 -0.00225598
-9.375 -8.125 -0.000488698
-9.375 -7.5 -0.00065469
-9.375 -6.875 -0.000895639
-9.375 -6.25 -0.00120213
-9.375 -5.625 -0.00158112
-9.375 -5 -0.00201809
-9.375 -4.375 -0.00243072
-9.375 -3.75 -0.00288094
-9.375 -3.125 -0.00368449
-9.375 -2.5 -0.00460436
-9.375 -1.875 -0.00515881
-9.375 -1.25 -0.0044646
-9.375 -0.625 -0.000223123
-9.375 0 0.0104725
-9.375 0.625 0.0268395
-9.375 1.25 0.0405753
-9.375 1.875 0.0412949
-9.375 2.5 0.0280955
-9.375 3.125 0.0110151
-9.375 3.75 0.0017697
-9.375 4.375 0.012899
-9.375 5 0.0682828
-9.375 5.625 0.190009
-9.375 6.25 0.339777
-9.375 6.875 0.406684
-9.375 7.5 0.328525
-9.375 8.125 0.178692
-9.375 8.75 0.0641539
-9.375 9.375 0.0135189
-9.375 10 -0.00026925
-9.375 10.625 -0.00230346
-9.375 11.25 -0.00207321
-9.375 11.875 -0.00162768
-9.375 12.5 -0.00123918

-8.75 -12.5 -0.805166
-8.75 -11.875 -0.795532
-8.75 -11.25 -0.472009
-8.75 -10.625 -0.36262
-8.75 -10 -0.147445
-8.75 -9.375 -0.018588
-8.75 -8.75 -0.00116638
-8.75 -8.125 -0.000750563
-8.75 -7.5 -0.00103761
-8.75 -6.875 -0.00141928
-8.75 -6.25 -0.00190185
-8.75 -5.625 -0.00244603
-8.75 -5 -0.00226342
-8.75 -4.375 0.0020336
-8.75 -3.75 0.00812262
-8.75 -3.125 0.00334656
-8.75 -2.5 -0.00492982
-8.75 -1.875 -0.00715761
-8.75 -1.25 -0.00304308
-8.75 -0.625 0.0141533
-8.75 0 0.0547956
-8.75 0.625 0.115947
-8.75 1.25 0.167273
-8.75 1.875 0.17085
-8.75 2.5 0.123256
-8.75 3.125 0.0601325
-8.75 3.75 0.0177247
-8.75 4.375 0.0133387
-8.75 5 0.0635966
-8.75 5.625 0.183746
-8.75 6.25 0.332786
-8.75 6.875 0.399711
-8.75 7.5 0.322555
-8.75 8.125 0.174195
-8.75 8.75 0.0608903
-8.75 9.375 0.0110491
-8.75 10 -0.00222218
-8.75 10.625 -0.00386225
-8.75 11.25 -0.00330299
-8.75 11.875 -0.00258083
-8.75 12.5 -0.00196417

-8.125 -12.5 -0.683281
-8.125 -11.875 -0.647828
-8.125 -11.25 -0.242282
-8.125 -10.625 -0.0593803
-8.125 -10 -0.0154132
-8.125 -9.375 -0.00230046
-8.125 -8.75 -0.000875189
-8.125 -8.125 -0.00115797
-8.125 -7.5 -0.00161361
-8.125 -6.875 -0.0022054
-8.125 -6.25 -0.00293232
-8.125 -5.625 -0.00317679
-8.125 -5 0.00737749
-8.125 -4.375 0.0730763
-8.125 -3.75 0.163864
-8.125 -3.125 0.114367
-8.125 -2.5 0.0189823
-8.125 -1.875 -0.00728375
-8.125 -1.25 0.00323097
-8.125 -0.625 0.0503795
-8.125 0 0.159898
-8.125 0.625 0.323842
-8.125 1.25 0.461446
-8.125 1.875 0.471775
-8.125 2.5 0.345614
-8.125 3.125 0.177077
-8.125 3.75 0.0577695
-8.125 4.375 0.0126088
-8.125 5 0.033442
-8.125 5.625 0.112299
-8.125 6.25 0.213446
-8.125 6.875 0.259694
-8.125 7.5 0.208752
-8.125 8.125 0.109748
-8.125 8.75 0.034396
-8.125 9.375 0.00184104
-8.125 10 -0.00611074
-8.125 10.625 -0.00631923
-8.125 11.25 -0.0051621
-8.125 11.875 -0.0040153
-8.125 12.5 -0.0030549

-7.5 -12.5 -0.212638
-7.5 -11.875 -0.200686
-7.5 -11.25 -0.0699409
-7.5 -10.625 -0.00994607
-7.5 -10 -0.00135088
-7.5 -9.375 -0.000910834
-7.5 -8.75 -0.00124463
-7.5 -8.125 -0.00176626
-7.5 -7.5 -0.00246204
-7.5 -6.875 -0.00335876
-7.5 -6.25 -0.00438832
-7.5 -5.625 -0.00281768
-7.5 -5 0.0461459
-7.5 -4.375 0.334941
-7.5 -3.75 0.733195
-7.5 -3.125 0.52327
-7.5 -2.5 0.1137
-7.5 -1.875 -0.00225389
-7.5 -1.25 0.0131372
-7.5 -0.625 0.105273
-7.5 0 0.318703
-7.5 0.625 0.637735
-7.5 1.25 0.905517
-7.5 1.875 0.926046
-7.5 2.5 0.681375
-7.5 3.125 0.353866
-7.5 3.75 0.118939
-7.5 4.375 0.0142927
-7.5 5 -0.00236477
-7.5 5.625 0.0289651
-7.5 6.25 0.0759596
-7.5 6.875 0.09898
-7.5 7.5 0.0778967
-7.5 8.125 0.0349944
-7.5 8.75 0.00288683
-7.5 9.375 -0.00982307
-7.5 10 -0.0115143
-7.5 10.625 -0.00990187
-7.5 11.25 -0.00789866
-7.5 11.875 -0.00612894
-7.5 12.5 -0.00466217

-6.875 -12.5 -0.0243489
-6.875 -11.875 -0.0230616
-6.875 -11.25 -0.00825562
-6.875 -10.625 -0.00157935
-6.875 -10 -0.000919539
-6.875 -9.375 -0.0012864
-6.875 -8.75 -0.00186134
-6.875 -8.125 -0.00264488
-6.875 -7.5 -0.00368592
-6.875 -6.875 -0.0050171
-6.875 -6.25 -0.00646632
-6.875 -5.625 -0.0037826
-6.875 -5 0.0681656
-6.875 -4.375 0.486571
-6.875 -3.75 1.06199
-6.875 -3.125 0.758985
-6.875 -2.5 0.166412
-6.875 -1.875 -0.00321429
-6.875 -1.25 0.0170211
-6.875 -0.625 0.147019
-6.875 0 0.449148
-6.875 0.625 0.900977
-6.875 1.25 1.28023
-6.875 1.875 1.30917
-6.875 2.5 0.962383
-6.875 3.125 0.498139
-6.875 3.75 0.164141
-6.875 4.375 0.0100239
-6.875 5 -0.0335163
-6.875 5.625 -0.0318775
-6.875 6.25 -0.0178717
-6.875 6.875 -0.00873851
-6.875 7.5 -0.0108347
-6.875 8.125 -0.0181426
-6.875 8.75 -0.0222931
-6.875 9.375 -0.0215638
-6.875 10 -0.0184491
-6.875 10.625 -0.0149735
-6.875 11.25 -0.0118402
-6.875 11.875 -0.00917867
-6.875 12.5 -0.00698154

-6.25 -12.5 -0.00123116
-6.25 -11.875 -0.00130593
-6.25 -11.25 -0.000883286
-6.25 -10.625 -0.000892764
-6.25 -10 -0.00128215
-6.25 -9.375 -0.0018889
-6.25 -8.75 -0.00273507
-6.25 -8.125 -0.00388633
-6.25 -7.5 -0.00541552
-6.25 -6.875 -0.00736541
-6.25 -6.25 -0.00950513
-6.25 -5.625 -0.00900469
-6.25 -5 0.026917
-6.25 -4.375 0.230957
-6.25 -3.75 0.508001
-6.25 -3.125 0.357768
-6.25 -2.5 0.0639682
-6.25 -1.875 -0.0229879
-6.25 -1.25 0.00215093
-6.25 -0.625 0.134299
-6.25 0 0.444703
-6.25 0.625 0.910173
-6.25 1.25 1.30087
-6.25 1.875 1.32966
-6.25 2.5 0.970301
-6.25 3.125 0.489876
-6.25 3.75 0.144207
-6.25 4.375 -0.0168867
-6.25 5 -0.0687686
-6.25 5.625 -0.0826303
-6.25 6.25 -0.0878995
-6.25 6.875 -0.0875687
-6.25 7.5 -0.0784485
-6.25 8.125 -0.062809
-6.25 8.75 -0.0472485
-6.25 9.375 -0.0357323
-6.25 10 -0.0279007
-6.25 10.625 -0.0221111
-6.25 11.25 -0.0174085
-6.25 11.875 -0.0134878
-6.25 12.5 -0.0102586

-5.625 -12.5 -0.00033749
-5.625 -11.875 -0.00053068
-5.625 -11.25 -0.000824898
-5.625 -10.625 -0.00127238
-5.625 -10 -0.00189244
-5.625 -9.375 -0.00274583
-5.625 -8.75 -0.00394843
-5.625 -8.125 -0.00560396
-5.625 -7.5 -0.0078095
-5.625 -6.875 -0.0106367
-5.625 -6.25 -0.0138881
-5.625 -5.625 -0.0161056
-5.625 -5 -0.00995701
-5.625 -4.375 0.025898
-5.625 -3.75 0.0704057
-5.625 -3.125 0.0370868
-5.625 -2.5 -0.0261225
-5.625 -1.875 -0.0513443
-5.625 -1.25 -0.0345564
-5.625 -0.625 0.0601058
-5.625 0 0.289746
-5.625 0.625 0.636925
-5.625 1.25 0.928326
-5.625 1.875 0.947404
-5.625 2.5 0.674484
-5.625 3.125 0.311154
-5.625 3.75 0.0499524
-5.625 4.375 -0.0739005
-5.625 5 -0.122995
-5.625 5.625 -0.156797
-5.625 6.25 -0.19164
-5.625 6.875 -0.207573
-5.625 7.5 -0.184802
-5.625 8.125 -0.134999
-5.625 8.75 -0.0875127
-5.625 9.375 -0.0574815
-5.625 10 -0.0415213
-5.625 10.625 -0.0320785
-5.625 11.25 -0.0251215
-5.625 11.875 -0.0194486
-5.625 12.5 -0.0147912

-5 -12.5 -0.000468176
-5 -11.875 -0.000865302
-5 -11.25 -0.00183533
-5 -10.625 -0.00334833
-5 -10 -0.00430582
-5 -9.375 -0.0046693
-5 -8.75 -0.00575937
-5 -8.125 -0.00794598
-5 -7.5 -0.0110523
-5 -6.875 -0.0150868
-5 -6.25 -0.0199823
-5 -5.625 -0.0249687
-5 -5 -0.0280982
-5 -4.375 -0.0280551
-5 -3.75 -0.0304805
-5 -3.125 -0.0453143
-5 -2.5 -0.0677844
-5 -1.875 -0.0853196
-5 -1.25 -0.0850156
-5 -0.625 -0.0417765
-5 0 0.0763848
-5 0.625 0.260133
-5 1.25 0.414338
-5 1.875 0.420038
-5 2.5 0.266634
-5 3.125 0.0651498
-5 3.75 -0.0795484
-5 4.375 -0.153461
-5 5 -0.204209
-5 5.625 -0.277581
-5 6.25 -0.369162
-5 6.875 -0.417619
-5 7.5 -0.37202
-5 8.125 -0.260516
-5 8.75 -0.154627
-5 9.375 -0.090954
-5 10 -0.0608655
-5 10.625 -0.0457136
-5 11.25 -0.0355773
-5 11.875 -0.0275182
-5 12.5 -0.0209264

-4.375 -12.5 -0.000842781
-4.375 -11.875 -0.00330849
-4.375 -11.25 -0.0130953
-4.375 -10.625 -0.0288424
-4.375 -10 -0.0314117
-4.375 -9.375 -0.018736
-4.375 -8.75 -0.010701
-4.375 -8.125 -0.0113048
-4.375 -7.5 -0.0153585
-4.375 -6.875 -0.0209796
-4.375 -6.25 -0.0280432
-4.375 -5.625 -0.03634
-4.375 -5 -0.0452173
-4.375 -4.375 -0.0546252
-4.375 -3.75 -0.0667747
-4.375 -3.125 -0.0842682
-4.375 -2.5 -0.105801
-4.375 -1.875 -0.126761
-4.375 -1.25 -0.141006
-4.375 -0.625 -0.137783
-4.375 0 -0.103702
-4.375 0.625 -0.0419338
-4.375 1.25 0.00986363
-4.375 1.875 0.00439092
-4.375 2.5 -0.0621836
-4.375 3.125 -0.14482
-4.375 3.75 -0.201824
-4.375 4.375 -0.2368
-4.375 5 -0.296805
-4.375 5.625 -0.423451
-4.375 6.25 -0.586302
-4.375 6.875 -0.67429
-4.375 7.5 -0.600954
-4.375 8.125 -0.414863
-4.375 8.75 -0.238277
-4.375 9.375 -0.133657
-4.375 10 -0.0861267
-4.375 10.625 -0.0637155
-4.375 11.25 -0.0494185
-4.375 11.875 -0.0382049
-4.375 12.5 -0.0290517

-3.75 -12.5 -0.00244431
-3.75 -11.875 -0.0186635
-3.75 -11.25 -0.0886937
-3.75 -10.625 -0.201818
-3.75 -10 -0.213649
-3.75 -9.375 -0.107841
-3.75 -8.75 -0.0327531
-3.75 -8.125 -0.0172386
-3.75 -7.5 -0.0210078
-3.75 -6.875 -0.0285982
-3.75 -6.25 -0.0383558
-3.75 -5.625 -0.0503546
-3.75 -5 -0.0645859
-3.75 -4.375 -0.0811427
-3.75 -3.75 -0.10065
-3.75 -3.125 -0.123689
-3.75 -2.5 -0.14959
-3.75 -1.875 -0.17656
-3.75 -1.25 -0.202162
-3.75 -0.625 -0.222459
-3.75 0 -0.232646
-3.75 0.625 -0.232732
-3.75 1.25 -0.232877
-3.75 1.875 -0.246143
-3.75 2.5 -0.27254
-3.75 3.125 -0.29356
-3.75 3.75 -0.28138
-3.75 4.375 -0.249319
-3.75 5 -0.304049
-3.75 5.625 -0.498272
-3.75 6.25 -0.726632
-3.75 6.875 -0.838903
-3.75 7.5 -0.748379
-3.75 8.125 -0.520922
-3.75 8.75 -0.304954
-3.75 9.375 -0.175925
-3.75 10 -0.115971
-3.75 10.625 -0.0865925
-3.75 11.25 -0.0673093
-3.75 11.875 -0.0520566
-3.75 12.5 -0.039587

-3.125 -12.5 -0.00660126
-3.125 -11.875 -0.0613581
-3.125 -11.25 -0.300795
-3.125 -10.625 -0.687794
-3.125 -10 -0.725034
-3.125 -9.375 -0.355872
-3.125 -8.75 -0.090529
-3.125 -8.125 -0.0277719
-3.125 -7.5 -0.0282988
-3.125 -6.875 -0.0382351
-3.125 -6.25 -0.0513156
-3.125 -5.625 -0.0675685
-3.125 -5 -0.0872484
-3.125 -4.375 -0.110521
-3.125 -3.75 -0.137491
-3.125 -3.125 -0.16805
-3.125 -2.5 -0.201629
-3.125 -1.875 -0.237193
-3.125 -1.25 -0.273323
-3.125 -0.625 -0.308062
-3.125 0 -0.339123
-3.125 0.625 -0.365195
-3.125 1.25 -0.387174
-3.125 1.875 -0.406617
-3.125 2.5 -0.42006
-3.125 3.125 -0.397389
-3.125 3.75 -0.246197
-3.125 4.375 0.0146979
-3.125 5 0.0137263
-3.125 5.625 -0.352485
-3.125 6.25 -0.697124
-3.125 6.875 -0.8225
-3.125 7.5 -0.737028
-3.125 8.125 -0.530613
-3.125 8.75 -0.334069
-3.125 9.375 -0.21215
-3.125 10 -0.14999
-3.125 10.625 -0.115061
-3.125 11.25 -0.0900316
-3.125 11.875 -0.0697337
-3.125 12.5 -0.0530436

-2.5 -12.5 -0.0101078
-2.5 -11.875 -0.0963093
-2.5 -11.25 -0.473764
-2.5 -10.625 -1.08387
-2.5 -10 -1.14203
-2.5 -9.375 -0.558818
-2.5 -8.75 -0.139051
-2.5 -8.125 -0.0384525
-2.5 -7.5 -0.0371794
-2.5 -6.875 -0.050133
-2.5 -6.25 -0.0673073
-2.5 -5.625 -0.0886691
-2.5 -5 -0.114606
-2.5 -4.375 -0.145348
-2.5 -3.75 -0.18089
-2.5 -3.125 -0.220926
-2.5 -2.5 -0.26477
-2.5 -1.875 -0.311338
-2.5 -1.25 -0.359159
-2.5 -0.625 -0.406401
-2.5 0 -0.450984
-2.5 0.625 -0.4909
-2.5 1.25 -0.524528
-2.5 1.875 -0.55031
-2.5 2.5 -0.560785
-2.5 3.125 -0.493774
-2.5 3.75 -0.141751
-2.5 4.375 0.471941
-2.5 5 0.559068
-2.5 5.625 -0.0633576
-2.5 6.25 -0.571142
-2.5 6.875 -0.705636
-2.5 7.5 -0.636865
-2.5 8.125 -0.488858
-2.5 8.75 -0.346591
-2.5 9.375 -0.249779
-2.5 10 -0.19085
-2.5 10.625 -0.150745
-2.5 11.25 -0.119105
-2.5 11.875 -0.0926518
-2.5 12.5 -0.0705512

-1.875 -12.5 -0.00815901
-1.875 -11.875 -0.0709862
-1.875 -11.25 -0.344646
-1.875 -10.625 -0.786881
-1.875 -10 -0.830556
-1.875 -9.375 -0.411139
-1.875 -8.75 -0.110605
-1.875 -8.125 -0.0418716
-1.875 -7.5 -0.0467378
-1.875 -6.875 -0.0640737
-1.875 -6.25 -0.0864972
-1.875 -5.625 -0.1141
-1.875 -5 -0.147512
-1.875 -4.375 -0.187102
-1.875 -3.75 -0.232864
-1.875 -3.125 -0.284383
-1.875 -2.5 -0.340791
-1.875 -1.875 -0.40074
-1.875 -1.25 -0.462366
-1.875 -0.625 -0.523407
-1.875 0 -0.58138
-1.875 0.625 -0.633655
-1.875 1.25 -0.677695
-1.875 1.875 -0.711006
-1.875 2.5 -0.725517
-1.875 3.125 -0.657538
-1.875 3.75 -0.293762
-1.875 4.375 0.346117
-1.875 5 0.465156
-1.875 5.625 -0.113832
-1.875 6.25 -0.554996
-1.875 6.875 -0.615224
-1.875 7.5 -0.524083
-1.875 8.125 -0.454456
-1.875 8.75 -0.377208
-1.875 9.375 -0.301461
-1.875 10 -0.243528
-1.875 10.625 -0.197943
-1.875 11.25 -0.159655
-1.875 11.875 -0.126083
-1.875 12.5 -0.0963998

-1.25 -12.5 -0.00451249
-1.25 -11.875 -0.0264012
-1.25 -11.25 -0.118697
-1.25 -10.625 -0.267619
-1.25 -10 -0.285429
-1.25 -9.375 -0.150371
-1.25 -8.75 -0.0540534
-1.25 -8.125 -0.0353862
-1.25 -7.5 -0.048647
-1.25 -6.875 -0.0753698
-1.25 -6.25 -0.107653
-1.25 -5.625 -0.143856
-1.25 -5 -0.186263
-1.25 -4.375 -0.236276
-1.25 -3.75 -0.294066
-1.25 -3.125 -0.359151
-1.25 -2.5 -0.430792
-1.25 -1.875 -0.508152
-1.25 -1.25 -0.586761
-1.25 -0.625 -0.662129
-1.25 0 -0.734408
-1.25 0.625 -0.800402
-1.25 1.25 -0.856103
-1.25 1.875 -0.89839
-1.25 2.5 -0.922054
-1.25 3.125 -0.896546
-1.25 3.75 -0.72224
-1.25 4.375 -0.408065
-1.25 5 -0.324196
-1.25 5.625 -0.552718
-1.25 6.25 -0.689883
-1.25 6.875 -0.515044
-1.25 7.5 -0.265631
-1.25 8.125 -0.38023
-1.25 8.75 -0.432481
-1.25 9.375 -0.373533
-1.25 10 -0.315722
-1.25 10.625 -0.269555
-1.25 11.25 -0.229364
-1.25 11.875 -0.188753
-1.25 12.5 -0.1459

-0.625 -12.5 -0.00335179
-0.625 -11.875 -0.00825438
-0.625 -11.25 -0.0246545
-0.625 -10.625 -0.05074
-0.625 -10 -0.0576279
-0.625 -9.375 -0.0374136
-0.625 -8.75 -0.00830532
-0.625 -8.125 0.0165036
-0.625 -7.5 0.00147974
-0.625 -6.875 -0.0592639
-0.625 -6.25 -0.12368
-0.625 -5.625 -0.176832
-0.625 -5 -0.230694
-0.625 -4.375 -0.292768
-0.625 -3.75 -0.36439
-0.625 -3.125 -0.44553
-0.625 -2.5 -0.542202
-0.625 -1.875 -0.669927
-0.625 -1.25 -0.782296
-0.625 -0.625 -0.842137
-0.625 0 -0.912458
-0.625 0.625 -0.991884
-0.625 1.25 -1.06084
-0.625 1.875 -1.11336
-0.625 2.5 -1.14593
-0.625 3.125 -1.15056
-0.625 3.75 -1.10566
-0.625 4.375 -1.01359
-0.625 5 -0.953992
-0.625 5.625 -0.946355
-0.625 6.25 -0.886997
-0.625 6.875 -0.592995
-0.625 7.5 -0.263743
-0.625 8.125 -0.428323
-0.625 8.75 -0.516929
-0.625 9.375 -0.465257
-0.625 10 -0.421991
-0.625 10.625 -0.397536
-0.625 11.25 -0.373702
-0.625 11.875 -0.329162
-0.625 12.5 -0.258753

0 -12.5 -0.00371675
0 -11.875 -0.00612015
0 -11.25 -0.0103717
0 -10.625 -0.0165822
0 -10 -0.0204498
0 -9.375 -0.00402596
0 -8.75 0.071187
0 -8.125 0.180463
0 -7.5 0.174123
0 -6.875 0.023375
0 -6.25 -0.123212
0 -5.625 -0.211029
0 -5 -0.280193
0 -4.375 -0.355955
0 -3.75 -0.44309
0 -3.125 -0.544135
0 -2.5 -0.699954
0 -1.875 -1.00963
0 -1.25 -1.21874
0 -0.625 -1.12896
0 0 -1.12123
0 0.625 -1.20638
0 1.25 -1.28984
0 1.875 -1.35373
0 2.5 -1.39407
0 3.125 -1.40802
0 3.75 -1.39275
0 4.375 -1.34924
0 5 -1.28772
0 5.625 -1.21657
0 6.25 -1.12965
0 6.875 -0.969275
0 7.5 -0.765209
0 8.125 -0.685266
0 8.75 -0.616543
0 9.375 -0.569832
0 10 -0.582932
0 10.625 -0.63264
0 11.25 -0.666248
0 11.875 -0.626079
0 12.5 -0.499474

0.625 -12.5 -0.00440901
0.625 -11.875 -0.00702551
0.625 -11.25 -0.0109875
0.625 -10.625 -0.0164719
0.625 -10 -0.018873
0.625 -9.375 0.0142058
0.625 -8.75 0.156281
0.625 -8.125 0.364195
0.625 -7.5 0.368153
0.625 -6.875 0.116736
0.625 -6.25 -0.121706
0.625 -5.625 -0.248069
0.625 -5 -0.334008
0.625 -4.375 -0.424663
0.625 -3.75 -0.528655
0.625 -3.125 -0.650588
0.625 -2.5 -0.858615
0.625 -1.875 -1.31732
0.625 -1.25 -1.6087
0.625 -0.625 -1.40762
0.625 0 -1.3445
0.625 0.625 -1.43949
0.625 1.25 -1.53885
0.625 1.875 -1.61507
0.625 2.5 -1.66313
0.625 3.125 -1.67908
0.625 3.75 -1.66169
0.625 4.375 -1.61798
0.625 5 -1.55029
0.625 5.625 -1.47216
0.625 6.25 -1.40928
0.625 6.875 -1.32504
0.625 7.5 -1.12804
0.625 8.125 -0.864965
0.625 8.75 -0.689542
0.625 9.375 -0.67932
0.625 10 -0.808531
0.625 10.625 -1.004
0.625 11.25 -1.15039
0.625 11.875 -1.12626
0.625 12.5 -0.906397

1.25 -12.5 -0.0051607
1.25 -11.875 -0.00821586
1.25 -11.25 -0.0128223
1.25 -10.625 -0.0192856
1.25 -10 -0.0235797
1.25 -9.375 0.00405015
1.25 -8.75 0.131437
1.25 -8.125 0.318317
1.25 -7.5 0.314562
1.25 -6.875 0.0721753
1.25 -6.25 -0.160835
1.25 -5.625 -0.293093
1.25 -5 -0.391215
1.25 -4.375 -0.497148
1.25 -3.75 -0.61882
1.25 -3.125 -0.758075
1.25 -2.5 -0.945705
1.25 -1.875 -1.25724
1.25 -1.25 -1.49249
1.25 -0.625 -1.49448
1.25 0 -1.55674
1.25 0.625 -1.68462
1.25 1.25 -1.80148
1.25 1.875 -1.89064
1.25 2.5 -1.94365
1.25 3.125 -1.92834
1.25 3.75 -1.8398
1.25 4.375 -1.81919
1.25 5 -1.8039
1.25 5.625 -1.73784
1.25 6.25 -1.70232
1.25 6.875 -1.6456
1.25 7.5 -1.39189
1.25 8.125 -1.0008
1.25 8.75 -0.759732
1.25 9.375 -0.801531
1.25 10 -1.07198
1.25 10.625 -1.4453
1.25 11.25 -1.73038
1.25 11.875 -1.72756
1.25 12.5 -1.39593

1.875 -12.5 -0.00592813
1.875 -11.875 -0.00943765
1.875 -11.25 -0.0147371
1.875 -10.625 -0.0224141
1.875 -10 -0.0311309
1.875 -9.375 -0.0274621
1.875 -8.75 0.0199722
1.875 -8.125 0.0909637
1.875 -7.5 0.0653261
1.875 -6.875 -0.0810442
1.875 -6.25 -0.231425
1.875 -5.625 -0.343507
1.875 -5 -0.449906
1.875 -4.375 -0.571099
1.875 -3.75 -0.710803
1.875 -3.125 -0.868376
1.875 -2.5 -1.04563
1.875 -1.875 -1.24912
1.875 -1.25 -1.44687
1.875 -0.625 -1.61169
1.875 0 -1.77644
1.875 0.625 -1.93476
1.875 1.25 -2.06937
1.875 1.875 -2.17142
1.875 2.5 -2.21601
1.875 3.125 -2.02819
1.875 3.75 -1.58436
1.875 4.375 -1.71135
1.875 5 -2.00263
1.875 5.625 -1.98476
1.875 6.25 -1.92512
1.875 6.875 -1.83379
1.875 7.5 -1.5456
1.875 8.125 -1.12805
1.875 8.75 -0.880218
1.875 9.375 -0.952663
1.875 10 -1.29964
1.875 10.625 -1.77861
1.875 11.25 -2.14951
1.875 11.875 -2.15589
1.875 12.5 -1.7437

2.5 -12.5 -0.00668192
2.5 -11.875 -0.0106378
2.5 -11.25 -0.0166164
2.5 -10.625 -0.0254276
2.5 -10 -0.0376142
2.5 -9.375 -0.0509944
2.5 -8.75 -0.0592409
2.5 -8.125 -0.0688792
2.5 -7.5 -0.111084
2.5 -6.875 -0.193658
2.5 -6.25 -0.289977
2.5 -5.625 -0.391448
2.5 -5 -0.507436
2.5 -4.375 -0.643731
2.5 -3.75 -0.801182
2.5 -3.125 -0.978445
2.5 -2.5 -1.17269
2.5 -1.875 -1.37966
2.5 -1.25 -1.59204
2.5 -0.625 -1.80139
2.5 0 -2.00062
2.5 0.625 -2.18073
2.5 1.25 -2.33251
2.5 1.875 -2.44737
2.5 2.5 -2.49025
2.5 3.125 -2.20161
2.5 3.75 -1.54668
2.5 4.375 -1.75771
2.5 5 -2.2228
2.5 5.625 -2.21089
2.5 6.25 -2.08228
2.5 6.875 -1.91411
2.5 7.5 -1.62973
2.5 8.125 -1.28387
2.5 8.75 -1.07176
2.5 9.375 -1.11511
2.5 10 -1.40715
2.5 10.625 -1.83736
2.5 11.25 -2.17518
2.5 11.875 -2.16425
2.5 12.5 -1.74768

3.125 -12.5 -0.00739005
3.125 -11.875 -0.0117651
3.125 -11.25 -0.0183788
3.125 -10.625 -0.0281668
3.125 -10 -0.0422866
3.125 -9.375 -0.0618424
3.125 -8.75 -0.0877242
3.125 -8.125 -0.122735
3.125 -7.5 -0.173028
3.125 -6.875 -0.241975
3.125 -6.25 -0.328628
3.125 -5.625 -0.434104
3.125 -5 -0.561317
3.125 -4.375 -0.711977
3.125 -3.75 -0.886117
3.125 -3.125 -1.08216
3.125 -2.5 -1.29678
3.125 -1.875 -1.52482
3.125 -1.25 -1.75931
3.125 -0.625 -1.99177
3.125 0 -2.21264
3.125 0.625 -2.41191
3.125 1.25 -2.57979
3.125 1.875 -2.70733
3.125 2.5 -2.77677
3.125 3.125 -2.68739
3.125 3.75 -2.42501
3.125 4.375 -2.45473
3.125 5 -2.5486
3.125 5.625 -2.43446
3.125 6.25 -2.25176
3.125 6.875 -2.03756
3.125 7.5 -1.77415
3.125 8.125 -1.4922
3.125 8.75 -1.2872
3.125 9.375 -1.24071
3.125 10 -1.37482
3.125 10.625 -1.62744
3.125 11.25 -1.82745
3.125 11.875 -1.77637
3.125 12.5 -1.42754

3.75 -12.5 -0.00801841
3.75 -11.875 -0.0127652
3.75 -11.25 -0.0199414
3.75 -10.625 -0.0305681
3.75 -10 -0.045975
3.75 -9.375 -0.067821
3.75 -8.75 -0.0981038
3.75 -8.125 -0.139288
3.75 -7.5 -0.194343
3.75 -6.875 -0.266241
3.75 -6.25 -0.357682
3.75 -5.625 -0.471268
3.75 -5 -0.609188
3.75 -4.375 -0.772683
3.75 -3.75 -0.96167
3.75 -3.125 -1.17443
3.75 -2.5 -1.40734
3.75 -1.875 -1.65481
3.75 -1.25 -1.9093
3.75 -0.625 -2.16158
3.75 0 -2.4013
3.75 0.625 -2.61755
3.75 1.25 -2.79975
3.75 1.875 -2.93842
3.75 2.5 -3.02505
3.75 3.125 -3.04562
3.75 3.75 -2.9972
3.75 4.375 -2.92554
3.75 5 -2.81389
3.75 5.625 -2.64692
3.75 6.25 -2.45883
3.75 6.875 -2.26736
3.75 7.5 -2.03811
3.75 8.125 -1.75472
3.75 8.75 -1.49168
3.75 9.375 -1.3246
3.75 10 -1.27854
3.75 10.625 -1.32317
3.75 11.25 -1.3571
3.75 11.875 -1.2603
3.75 12.5 -1.00265

4.375 -12.5 -0.00852774
4.375 -11.875 -0.013574
4.375 -11.25 -0.0212057
4.375 -10.625 -0.0325135
4.375 -10 -0.0489215
4.375 -9.375 -0.072228
4.375 -8.75 -0.104627
4.375 -8.125 -0.148702
4.375 -7.5 -0.207371
4.375 -6.875 -0.283751
4.375 -6.25 -0.38096
4.375 -5.625 -0.501863
4.375 -5 -0.648725
4.375 -4.375 -0.822831
4.375 -3.75 -1.02408
4.375 -3.125 -1.25065
4.375 -2.5 -1.49868
4.375 -1.875 -1.76221
4.375 -1.25 -2.03321
4.375 -0.625 -2.30188
4.375 0 -2.55715
4.375 0.625 -2.78744
4.375 1.25 -2.98146
4.375 1.875 -3.12916
4.375 2.5 -3.22254
4.375 3.125 -3.25626
4.375 3.75 -3.2286
4.375 4.375 -3.14303
4.375 5 -3.00745
4.375 5.625 -2.84745
4.375 6.25 -2.73375
4.375 6.875 -2.70708
4.375 7.5 -2.58138
4.375 8.125 -2.20231
4.375 8.75 -1.76287
4.375 9.375 -1.43414
4.375 10 -1.22469
4.375 10.625 -1.10099
4.375 11.25 -1.00346
4.375 11.875 -0.86884
4.375 12.5 -0.679319

5 -12.5 -0.00885062
5 -11.875 -0.0140768
5 -11.25 -0.0219958
5 -10.625 -0.0337627
5 -10 -0.050884
5 -9.375 -0.0752499
5 -8.75 -0.109151
5 -8.125 -0.155268
5 -7.5 -0.216624
5 -6.875 -0.296467
5 -6.25 -0.39806
5 -5.625 -0.524402
5 -5 -0.677866
5 -4.375 -0.859795
5 -3.75 -1.07009
5 -3.125 -1.30683
5 -2.5 -1.56601
5 -1.875 -1.84138
5 -1.25 -2.12455
5 -0.625 -2.40528
5 0 -2.67202
5 0.625 -2.91266
5 1.25 -3.1154
5 1.875 -3.26973
5 2.5 -3.36737
5 3.125 -3.40306
5 3.75 -3.37566
5 4.375 -3.28989
5 5 -3.16156
5 5.625 -3.04463
5 6.25 -3.09019
5 6.875 -3.37449
5 7.5 -3.44564
5 8.125 -2.91555
5 8.75 -2.19195
5 9.375 -1.64214
5 10 -1.27195
5 10.625 -1.02328
5 11.25 -0.839017
5 11.875 -0.674861
5 12.5 -0.515785

5.625 -12.5 -0.00879603
5.625 -11.875 -0.0139383
5.625 -11.25 -0.0218004
5.625 -10.625 -0.0336389
5.625 -10 -0.0510827
5.625 -9.375 -0.0761169
5.625 -8.75 -0.111068
5.625 -8.125 -0.158608
5.625 -7.5 -0.221757
5.625 -6.875 -0.303793
5.625 -6.25 -0.40806
5.625 -5.625 -0.53765
5.625 -5 -0.695021
5.625 -4.375 -0.881563
5.625 -3.75 -1.09718
5.625 -3.125 -1.33992
5.625 -2.5 -1.60566
5.625 -1.875 -1.888
5.625 -1.25 -2.17835
5.625 -0.625 -2.46619
5.625 0 -2.73968
5.625 0.625 -2.98641
5.625 1.25 -3.19428
5.625 1.875 -3.35253
5.625 2.5 -3.4527
5.625 3.125 -3.48976
5.625 3.75 -3.46411
5.625 4.375 -3.3859
5.625 5 -3.28385
5.625 5.625 -3.23385
5.625 6.25 -3.41228
5.625 6.875 -3.88708
5.625 7.5 -4.10592
5.625 8.125 -3.5646
5.625 8.75 -2.68592
5.625 9.375 -1.9417
5.625 10 -1.41644
5.625 10.625 -1.06556
5.625 11.25 -0.817903
5.625 11.875 -0.623873
5.625 12.5 -0.465157

6.25 -12.5 -0.0077527
6.25 -11.875 -0.0120751
6.25 -11.25 -0.0189721
6.25 -10.625 -0.0299917
6.25 -10 -0.0471049
6.25 -9.375 -0.0724936
6.25 -8.75 -0.108411
6.25 -8.125 -0.157247
6.25 -7.5 -0.221716
6.25 -6.875 -0.304931
6.25 -6.25 -0.410231
6.25 -5.625 -0.540805
6.25 -5 -0.699212
6.25 -4.375 -0.886916
6.25 -3.75 -1.10386
6.25 -3.125 -1.34807
6.25 -2.5 -1.61543
6.25 -1.875 -1.89949
6.25 -1.25 -2.1916
6.25 -0.625 -2.48119
6.25 0 -2.75635
6.25 0.625 -3.00458
6.25 1.25 -3.21371
6.25 1.875 -3.37294
6.25 2.5 -3.47385
6.25 3.125 -3.51199
6.25 3.75 -3.49072
6.25 4.375 -3.42979
6.25 5 -3.37714
6.25 5.625 -3.41742
6.25 6.25 -3.66537
6.25 6.875 -4.10836
6.25 7.5 -4.32532
6.25 8.125 -3.9114
6.25 8.75 -3.08496
6.25 9.375 -2.25617
6.25 10 -1.62309
6.25 10.625 -1.18966
6.25 11.25 -0.881769
6.25 11.875 -0.647706
6.25 12.5 -0.46879

6.875 -12.5 -0.00398886
6.875 -11.875 -0.00541215
6.875 -11.25 -0.00883654
6.875 -10.625 -0.0167385
6.875 -10 -0.0321738
6.875 -9.375 -0.0579129
6.875 -8.75 -0.0958893
6.875 -8.125 -0.147464
6.875 -7.5 -0.214238
6.875 -6.875 -0.298657
6.875 -6.25 -0.403946
6.875 -5.625 -0.533499
6.875 -5 -0.690144
6.875 -4.375 -0.875538
6.875 -3.75 -1.08973
6.875 -3.125 -1.33083
6.875 -2.5 -1.59477
6.875 -1.875 -1.87519
6.875 -1.25 -2.16357
6.875 -0.625 -2.44945
6.875 0 -2.72109
6.875 0.625 -2.96614
6.875 1.25 -3.17261
6.875 1.875 -3.32982
6.875 2.5 -3.42959
6.875 3.125 -3.46835
6.875 3.75 -3.45313
6.875 4.375 -3.4153
6.875 5 -3.42522
6.875 5.625 -3.57643
6.875 6.25 -3.91281
6.875 6.875 -4.31602
6.875 7.5 -4.46564
6.875 8.125 -4.10548
6.875 8.75 -3.35161
6.875 9.375 -2.53249
6.875 10 -1.86659
6.875 10.625 -1.37441
6.875 11.25 -0.999413
6.875 11.875 -0.70936
6.875 12.5 -0.494549

7.5 -12.5 0.00650832
7.5 -11.875 0.0131785
7.5 -11.25 0.0194404
7.5 -10.625 0.0202109
7.5 -10 0.00938841
7.5 -9.375 -0.0174557
7.5 -8.75 -0.0613719
7.5 -8.125 -0.120851
7.5 -7.5 -0.19439
7.5 -6.875 -0.282588
7.5 -6.25 -0.388358
7.5 -5.625 -0.515694
7.5 -5 -0.668182
7.5 -4.375 -0.848026
7.5 -3.75 -1.05559
7.5 -3.125 -1.28915
7.5 -2.5 -1.54483
7.5 -1.875 -1.81648
7.5 -1.25 -2.09582
7.5 -0.625 -2.37276
7.5 0 -2.63589
7.5 0.625 -2.87327
7.5 1.25 -3.07327
7.5 1.875 -3.22558
7.5 2.5 -3.32235
7.5 3.125 -3.36074
7.5 3.75 -3.35033
7.5 4.375 -3.33024
7.5 5 -3.38541
7.5 5.625 -3.61602
7.5 6.25 -4.02725
7.5 6.875 -4.43157
7.5 7.5 -4.53191
7.5 8.125 -4.17669
7.5 8.75 -3.50235
7.5 9.375 -2.77107
7.5 10 -2.13343
7.5 10.625 -1.59881
7.5 11.25 -1.14857
7.5 11.875 -0.789307
7.5 12.5 -0.528162

8.125 -12.5 0.0309808
8.125 -11.875 0.0565616
8.125 -11.25 0.0854118
8.125 -10.625 0.106284
8.125 -10 0.105869
8.125 -9.375 0.0757848
8.125 -8.75 0.0170005
8.125 -8.125 -0.0622885
8.125 -7.5 -0.153361
8.125 -6.875 -0.252546
8.125 -6.25 -0.362114
8.125 -5.625 -0.487543
8.125 -5 -0.634273
8.125 -4.375 -0.805831
8.125 -3.75 -1.0033
8.125 -3.125 -1.22535
8.125 -2.5 -1.46838
8.125 -1.875 -1.72659
8.125 -1.25 -1.99211
8.125 -0.625 -2.25534
8.125 0 -2.50546
8.125 0.625 -2.73109
8.125 1.25 -2.92119
8.125 1.875 -3.06596
8.125 2.5 -3.15798
8.125 3.125 -3.19463
8.125 3.75 -3.18547
8.125 4.375 -3.16836
8.125 5 -3.22441
8.125 5.625 -3.44823
8.125 6.25 -3.83741
8.125 6.875 -4.2085
8.125 7.5 -4.30733
8.125 8.125 -4.04006
8.125 8.75 -3.53226
8.125 9.375 -2.95448
8.125 10 -2.3782
8.125 10.625 -1.8137
8.125 11.25 -1.29255
8.125 11.875 -0.865455
8.125 12.5 -0.558325

8.75 -12.5 0.0787373
8.75 -11.875 0.141274
8.75 -11.25 0.214212
8.75 -10.625 0.274164
8.75 -10 0.29362
8.75 -9.375 0.256379
8.75 -8.75 0.167295
8.75 -8.125 0.0476043
8.75 -7.5 -0.0798964
8.75 -6.875 -0.203264
8.75 -6.25 -0.323613
8.75 -5.625 -0.449434
8.75 -5 -0.589881
8.75 -4.375 -0.751119
8.75 -3.75 -0.935647
8.75 -3.125 -1.14284
8.75 -2.5 -1.36953
8.75 -1.875 -1.61036
8.75 -1.25 -1.85801
8.75 -0.625 -2.10352
8.75 0 -2.33679
8.75 0.625 -2.54724
8.75 1.25 -2.72455
8.75 1.875 -2.85957
8.75 2.5 -2.94534
8.75 3.125 -2.97949
8.75 3.75 -2.97217
8.75 4.375 -2.95088
8.75 5 -2.96509
8.75 5.625 -3.10037
8.75 6.25 -3.37258
8.75 6.875 -3.65897
8.75 7.5 -3.78707
8.75 8.125 -3.68581
8.75 8.75 -3.40746
8.75 9.375 -3.01271
8.75 10 -2.51679
8.75 10.625 -1.94767
8.75 11.25 -1.3838
8.75 11.875 -0.911826
8.75 12.5 -0.573297

9.375 -12.5 0.155757
9.375 -11.875 0.277939
9.375 -11.25 0.421986
9.375 -10.625 0.544838
9.375 -10 0.595967
9.375 -9.375 0.546464
9.375 -8.75 0.407411
9.375 -8.125 0.221064
9.375 -7.5 0.032909
9.375 -6.875 -0.131817
9.375 -6.25 -0.272447
9.375 -5.625 -0.402433
9.375 -5 -0.537003
9.375 -4.375 -0.686632
9.375 -3.75 -0.856107
9.375 -3.125 -1.04587
9.375 -2.5 -1.25337
9.375 -1.875 -1.47378
9.375 -1.25 -1.70042
9.375 -0.625 -1.92511
9.375 0 -2.1386
9.375 0.625 -2.33119
9.375 1.25 -2.49346
9.375 1.875 -2.61702
9.375 2.5 -2.69548
9.375 3.125 -2.72819
9.375 3.75 -2.73611
9.375 4.375 -2.72987
9.375 5 -2.67962
9.375 5.625 -2.69015
9.375 6.25 -2.81934
9.375 6.875 -3.00317
9.375 7.5 -3.15069
9.375 8.125 -3.20013
9.375 8.75 -3.124
9.375 9.375 -2.89264
9.375 10 -2.4872
9.375 10.625 -1.95131
9.375 11.25 -1.39097
9.375 11.875 -0.912159
9.375 12.5 -0.56633

10 -12.5 0.256014
10 -11.875 0.455861
10 -11.25 0.692477
10 -10.625 0.897138
10 -10 0.989292
10 -9.375 0.923441
10 -8.75 0.718745
10 -8.125 0.44482
10 -7.5 0.176683
10 -6.875 -0.0431541
10 -6.25 -0.211749
10 -5.625 -0.349066
10 -5 -0.478287
10 -4.375 -0.615523
10 -3.75 -0.768543
10 -3.125 -0.939158
10 -2.5 -1.12553
10 -1.875 -1.32347
10 -1.25 -1.527
10 -0.625 -1.72878
10 0 -1.92049
10 0.625 -2.09345
10 1.25 -2.23917
10 1.875 -2.35012
10 2.5 -2.42053
10 3.125 -2.45048
10 3.75 -2.46427
10 4.375 -2.46214
10 5 -2.3747
10 5.625 -2.3059
10 6.25 -2.33181
10 6.875 -2.43071
10 7.5 -2.56815
10 8.125 -2.69297
10 8.75 -2.73471
10 9.375 -2.6164
10 10 -2.30089
10 10.625 -1.83259
10 11.25 -1.31988
10 11.875 -0.870469
10 12.5 -0.540034

10.625 -12.5 0.356173
10.625 -11.875 0.633605
10.625 -11.25 0.962699
10.625 -10.625 1.24911
10.625 -10 1.3823
10.625 -9.375 1.30022
10.625 -8.75 1.03009
10.625 -8.125 0.668886
10.625 -7.5 0.32111
10.625 -6.875 0.0465465
10.625 -6.25 -0.149582
10.625 -5.625 -0.293728
10.625 -5 -0.41701
10.625 -4.375 -0.541161
10.625 -3.75 -0.676929
10.625 -3.125 -0.827499
10.625 -2.5 -0.991775
10.625 -1.875 -1.1662
10.625 -1.25 -1.34555
10.625 -0.625 -1.52334
10.625 0 -1.69228
10.625 0.625 -1.84468
10.625 1.25 -1.97308
10.625 1.875 -2.07084
10.625 2.5 -2.13279
10.625 3.125 -2.15698
10.625 3.75 -2.15143
10.625 4.375 -2.11855
10.625 5 -2.04135
10.625 5.625 -1.96817
10.625 6.25 -1.94537
10.625 6.875 -1.98827
10.625 7.5 -2.09524
10.625 8.125 -2.22909
10.625 8.75 -2.31377
10.625 9.375 -2.26204
10.625 10 -2.02828
10.625 10.625 -1.64472
10.625 11.25 -1.2043
10.625 11.875 -0.804903
10.625 12.5 -0.502822

11.25 -12.5 0.422072
11.25 -11.875 0.750501
11.25 -11.25 1.14043
11.25 -10.625 1.48076
11.25 -10 1.64135
11.25 -9.375 1.54936
11.25 -8.75 1.23737
11.25 -8.125 0.82034
11.25 -7.5 0.422202
11.25 -6.875 0.114151
11.25 -6.25 -0.0969961
11.25 -5.625 -0.241858
11.25 -5 -0.35668
11.25 -4.375 -0.466843
11.25 -3.75 -0.585048
11.25 -3.125 -0.715435
11.25 -2.5 -0.857516
11.25 -1.875 -1.00834
11.25 -1.25 -1.16341
11.25 -0.625 -1.31714
11.25 0 -1.46321
11.25 0.625 -1.59498
11.25 1.25 -1.706
11.25 1.875 -1.79052
11.25 2.5 -1.84404
11.25 3.125 -1.86389
11.25 3.75 -1.85053
11.25 4.375 -1.80732
11.25 5 -1.74139
11.25 5.625 -1.67331
11.25 6.25 -1.63114
11.25 6.875 -1.6414
11.25 7.5 -1.71522
11.25 8.125 -1.82901
11.25 8.75 -1.91907
11.25 9.375 -1.90594
11.25 10 -1.74094
11.25 10.625 -1.44006
11.25 11.25 -1.07508
11.25 11.875 -0.730209
11.25 12.5 -0.460379

11.875 -12.5 0.427047
11.875 -11.875 0.759201
11.875 -11.25 1.1537
11.875 -10.625 1.49845
11.875 -10 1.66216
11.875 -9.375 1.5714
11.875 -8.75 1.25932
11.875 -8.125 0.842221
11.875 -7.5 0.445555
11.875 -6.875 0.141507
11.875 -6.25 -0.0627523
11.875 -5.625 -0.197878
11.875 -5 -0.300268
11.875 -4.375 -0.395433
11.875 -3.75 -0.496212
11.875 -3.125 -0.606956
11.875 -2.5 -0.727525
11.875 -1.875 -0.855488
11.875 -1.25 -0.987053
11.875 -0.625 -1.11748
11.875 0 -1.24141
11.875 0.625 -1.3532
11.875 1.25 -1.44739
11.875 1.875 -1.5191
11.875 2.5 -1.56449
11.875 3.125 -1.58118
11.875 3.75 -1.56881
11.875 4.375 -1.52993
11.875 5 -1.47161
11.875 5.625 -1.40785
11.875 6.25 -1.36019
11.875 6.875 -1.35305
11.875 7.5 -1.40073
11.875 8.125 -1.48998
11.875 8.75 -1.57238
11.875 9.375 -1.58106
11.875 10 -1.46821
11.875 10.625 -1.23677
11.875 11.25 -0.93962
11.875 11.875 -0.647316
11.875 12.5 -0.411362

12.5 -12.5 0.369246
12.5 -11.875 0.656418
12.5 -11.25 0.997521
12.5 -10.625 1.29568
12.5 -10 1.43743
12.5 -9.375 1.35934
12.5 -8.75 1.0901
12.5 -8.125 0.730264
12.5 -7.5 0.388317
12.5 -6.875 0.126696
12.5 -6.25 -0.0483504
12.5 -5.625 -0.163276
12.5 -5 -0.249505
12.5 -4.375 -0.329069
12.5 -3.75 -0.413066
12.5 -3.125 -0.505284
12.5 -2.5 -0.605662
12.5 -1.875 -0.712192
12.5 -1.25 -0.82172
12.5 -0.625 -0.9303
12.5 0 -1.03347
12.5 0.625 -1.12654
12.5 1.25 -1.20495
12.5 1.875 -1.26465
12.5 2.5 -1.30243
12.5 3.125 -1.31628
12.5 3.75 -1.30581
12.5 4.375 -1.27288
12.5 5 -1.22279
12.5 5.625 -1.16609
12.5 6.25 -1.11956
12.5 6.875 -1.10334
12.5 7.5 -1.13131
12.5 8.125 -1.19683
12.5 8.75 -1.26451
12.5 9.375 -1.28076
12.5 10 -1.20277
12.5 10.625 -1.02635
12.5 11.25 -0.78968
12.5 11.875 -0.549797
12.5 12.5 -0.351742

