11.3938 10.7481 -1.58104
11.3525 11.0085 -1.58104
11.2328 11.2435 -1.58104
11.0463 11.4299 -1.58104
10.8114 11.5496 -1.58104
10.551 11.5909 -1.58104
10.2905 11.5496 -1.58104
10.0556 11.4299 -1.58104
9.86911 11.2435 -1.58104
9.7494 11.0085 -1.58104
9.70815 10.7481 -1.58104
9.7494 10.4876 -1.58104
9.86911 10.2527 -1.58104
10.0556 10.0662 -1.58104
10.2905 9.94652 -1.58104
10.551 9.90527 -1.58104
10.8114 9.94652 -1.58104
11.0463 10.0662 -1.58104
11.2328 10.2527 -1.58104
11.3525 10.4876 -1.58104
11.3938 10.7481 -1.58104

11.2252 10.7481 -1.07535
11.1922 10.9564 -1.07535
11.0964 11.1444 -1.07535
10.9473 11.2936 -1.07535
10.7593 11.3893 -1.07535
10.551 11.4223 -1.07535
10.3426 11.3893 -1.07535
10.1546 11.2936 -1.07535
10.0055 11.1444 -1.07535
9.90971 10.9564 -1.07535
9.87671 10.7481 -1.07535
9.90971 10.5397 -1.07535
10.0055 10.3518 -1.07535
10.1546 10.2026 -1.07535
10.3426 10.1068 -1.07535
10.551 10.0738 -1.07535
10.7593 10.1068 -1.07535
10.9473 10.2026 -1.07535
11.0964 10.3518 -1.07535
11.1922 10.5397 -1.07535
11.2252 10.7481 -1.07535

11.0566 10.7481 -0.906793
11.0319 10.9043 -0.906793
10.9601 11.0453 -0.906793
10.8482 11.1572 -0.906793
10.7072 11.229 -0.906793
10.551 11.2538 -0.906793
10.3947 11.229 -0.906793
10.2537 11.1572 -0.906793
10.1419 11.0453 -0.906793
10.07 10.9043 -0.906793
10.0453 10.7481 -0.906793
10.07 10.5918 -0.906793
10.1419 10.4508 -0.906793
10.2537 10.339 -0.906793
10.3947 10.2671 -0.906793
10.551 10.2424 -0.906793
10.7072 10.2671 -0.906793
10.8482 10.339 -0.906793
10.9601 10.4508 -0.906793
11.0319 10.5918 -0.906793
11.0566 10.7481 -0.906793

10.8881 10.7481 -0.808593
10.8716 10.8523 -0.808593
10.8237 10.9462 -0.808593
10.7491 11.0208 -0.808593
10.6551 11.0687 -0.808593
10.551 11.0852 -0.808593
10.4468 11.0687 -0.808593
10.3528 11.0208 -0.808593
10.2782 10.9462 -0.808593
10.2303 10.8523 -0.808593
10.2138 10.7481 -0.808593
10.2303 10.6439 -0.808593
10.2782 10.5499 -0.808593
10.3528 10.4753 -0.808593
10.4468 10.4275 -0.808593
10.551 10.411 -0.808593
10.6551 10.4275 -0.808593
10.7491 10.4753 -0.808593
10.8237 10.5499 -0.808593
10.8716 10.6439 -0.808593
10.8881 10.7481 -0.808593

10.7195 10.7481 -0.755259
10.7113 10.8002 -0.755259
10.6873 10.8472 -0.755259
10.65 10.8844 -0.755259
10.603 10.9084 -0.755259
10.551 10.9166 -0.755259
10.4989 10.9084 -0.755259
10.4519 10.8844 -0.755259
10.4146 10.8472 -0.755259
10.3906 10.8002 -0.755259
10.3824 10.7481 -0.755259
10.3906 10.696 -0.755259
10.4146 10.649 -0.755259
10.4519 10.6117 -0.755259
10.4989 10.5878 -0.755259
10.551 10.5795 -0.755259
10.603 10.5878 -0.755259
10.65 10.6117 -0.755259
10.6873 10.649 -0.755259
10.7113 10.696 -0.755259
10.7195 10.7481 -0.755259


-8.25536 -5.3753 -0.0023617
-8.28837 -5.16684 -0.0023617
-8.38419 -4.97878 -0.0023617
-8.53344 -4.82953 -0.0023617
-8.72149 -4.73371 -0.0023617
-8.92996 -4.7007 -0.0023617
-9.13842 -4.73371 -0.0023617
-9.32648 -4.82953 -0.0023617
-9.47572 -4.97878 -0.0023617
-9.57154 -5.16684 -0.0023617
-9.60456 -5.3753 -0.0023617
-9.57154 -5.58376 -0.0023617
-9.47572 -5.77182 -0.0023617
-9.32648 -5.92106 -0.0023617
-9.13842 -6.01688 -0.0023617
-8.92996 -6.0499 -0.0023617
-8.72149 -6.01688 -0.0023617
-8.53344 -5.92106 -0.0023617
-8.38419 -5.77182 -0.0023617
-8.28837 -5.58376 -0.0023617
-8.25536 -5.3753 -0.0023617

-8.39028 -5.3753 0.402399
-8.41669 -5.20853 0.402399
-8.49335 -5.05808 0.402399
-8.61274 -4.93869 0.402399
-8.76319 -4.86203 0.402399
-8.92996 -4.83562 0.402399
-9.09673 -4.86203 0.402399
-9.24718 -4.93869 0.402399
-9.36657 -5.05808 0.402399
-9.44323 -5.20853 0.402399
-9.46964 -5.3753 0.402399
-9.44323 -5.54207 0.402399
-9.36657 -5.69252 0.402399
-9.24718 -5.81191 0.402399
-9.09673 -5.88857 0.402399
-8.92996 -5.91498 0.402399
-8.76319 -5.88857 0.402399
-8.61274 -5.81191 0.402399
-8.49335 -5.69252 0.402399
-8.41669 -5.54207 0.402399
-8.39028 -5.3753 0.402399

-8.5252 -5.3753 0.53732
-8.54501 -5.25022 0.53732
-8.6025 -5.13739 0.53732
-8.69205 -5.04784 0.53732
-8.80488 -4.99035 0.53732
-8.92996 -4.97054 0.53732
-9.05504 -4.99035 0.53732
-9.16787 -5.04784 0.53732
-9.25742 -5.13739 0.53732
-9.31491 -5.25022 0.53732
-9.33472 -5.3753 0.53732
-9.31491 -5.50038 0.53732
-9.25742 -5.61321 0.53732
-9.16787 -5.70276 0.53732
-9.05504 -5.76025 0.53732
-8.92996 -5.78006 0.53732
-8.80488 -5.76025 0.53732
-8.69205 -5.70276 0.53732
-8.6025 -5.61321 0.53732
-8.54501 -5.50038 0.53732
-8.5252 -5.3753 0.53732

-8.66012 -5.3753 0.615921
-8.67332 -5.29191 0.615921
-8.71165 -5.21669 0.615921
-8.77135 -5.15699 0.615921
-8.84657 -5.11867 0.615921
-8.92996 -5.10546 0.615921
-9.01334 -5.11867 0.615921
-9.08857 -5.15699 0.615921
-9.14826 -5.21669 0.615921
-9.18659 -5.29191 0.615921
-9.1998 -5.3753 0.615921
-9.18659 -5.45868 0.615921
-9.14826 -5.53391 0.615921
-9.08857 -5.59361 0.615921
-9.01334 -5.63193 0.615921
-8.92996 -5.64514 0.615921
-8.84657 -5.63193 0.615921
-8.77135 -5.59361 0.615921
-8.71165 -5.53391 0.615921
-8.67332 -5.45868 0.615921
-8.66012 -5.3753 0.615921

-8.79504 -5.3753 0.658611
-8.80164 -5.33361 0.658611
-8.82081 -5.296 0.658611
-8.85065 -5.26615 0.658611
-8.88827 -5.24698 0.658611
-8.92996 -5.24038 0.658611
-8.97165 -5.24698 0.658611
-9.00926 -5.26615 0.658611
-9.03911 -5.296 0.658611
-9.05828 -5.33361 0.658611
-9.06488 -5.3753 0.658611
-9.05828 -5.41699 0.658611
-9.03911 -5.4546 0.658611
-9.00926 -5.48445 0.658611
-8.97165 -5.50362 0.658611
-8.92996 -5.51022 0.658611
-8.88827 -5.50362 0.658611
-8.85065 -5.48445 0.658611
-8.82081 -5.4546 0.658611
-8.80164 -5.41699 0.658611
-8.79504 -5.3753 0.658611


-9.20355 -5.84055 -0.00106562
-9.23143 -5.66451 -0.00106562
-9.31234 -5.50571 -0.00106562
-9.43837 -5.37969 -0.00106562
-9.59717 -5.29877 -0.00106562
-9.7732 -5.27089 -0.00106562
-9.94923 -5.29877 -0.00106562
-10.108 -5.37969 -0.00106562
-10.2341 -5.50571 -0.00106562
-10.315 -5.66451 -0.00106562
-10.3429 -5.84055 -0.00106562
-10.315 -6.01658 -0.00106562
-10.2341 -6.17538 -0.00106562
-10.108 -6.30141 -0.00106562
-9.94923 -6.38232 -0.00106562
-9.7732 -6.4102 -0.00106562
-9.59717 -6.38232 -0.00106562
-9.43837 -6.30141 -0.00106562
-9.31234 -6.17538 -0.00106562
-9.23143 -6.01658 -0.00106562
-9.20355 -5.84055 -0.00106562

-9.31748 -5.84055 0.340727
-9.33978 -5.69972 0.340727
-9.40451 -5.57268 0.340727
-9.50533 -5.47186 0.340727
-9.63237 -5.40713 0.340727
-9.7732 -5.38482 0.340727
-9.91403 -5.40713 0.340727
-10.0411 -5.47186 0.340727
-10.1419 -5.57268 0.340727
-10.2066 -5.69972 0.340727
-10.2289 -5.84055 0.340727
-10.2066 -5.98137 0.340727
-10.1419 -6.10841 0.340727
-10.0411 -6.20924 0.340727
-9.91403 -6.27397 0.340727
-9.7732 -6.29627 0.340727
-9.63237 -6.27397 0.340727
-9.50533 -6.20924 0.340727
-9.40451 -6.10841 0.340727
-9.33978 -5.98137 0.340727
-9.31748 -5.84055 0.340727

-9.43141 -5.84055 0.454658
-9.44814 -5.73493 0.454658
-9.49668 -5.63965 0.454658
-9.5723 -5.56403 0.454658
-9.66758 -5.51548 0.454658
-9.7732 -5.49875 0.454658
-9.87882 -5.51548 0.454658
-9.9741 -5.56403 0.454658
-10.0497 -5.63965 0.454658
-10.0983 -5.73493 0.454658
-10.115 -5.84055 0.454658
-10.0983 -5.94617 0.454658
-10.0497 -6.04145 0.454658
-9.9741 -6.11706 0.454658
-9.87882 -6.16561 0.454658
-9.7732 -6.18234 0.454658
-9.66758 -6.16561 0.454658
-9.5723 -6.11706 0.454658
-9.49668 -6.04145 0.454658
-9.44814 -5.94617 0.454658
-9.43141 -5.84055 0.454658

-9.54534 -5.84055 0.521032
-9.55649 -5.77013 0.521032
-9.58886 -5.70661 0.521032
-9.63927 -5.6562 0.521032
-9.70279 -5.62384 0.521032
-9.7732 -5.61269 0.521032
-9.84361 -5.62384 0.521032
-9.90713 -5.6562 0.521032
-9.95754 -5.70661 0.521032
-9.98991 -5.77013 0.521032
-10.0011 -5.84055 0.521032
-9.98991 -5.91096 0.521032
-9.95754 -5.97448 0.521032
-9.90713 -6.02489 0.521032
-9.84361 -6.05726 0.521032
-9.7732 -6.06841 0.521032
-9.70279 -6.05726 0.521032
-9.63927 -6.02489 0.521032
-9.58886 -5.97448 0.521032
-9.55649 -5.91096 0.521032
-9.54534 -5.84055 0.521032

-9.65927 -5.84055 0.55708
-9.66485 -5.80534 0.55708
-9.68103 -5.77358 0.55708
-9.70623 -5.74838 0.55708
-9.73799 -5.73219 0.55708
-9.7732 -5.72662 0.55708
-9.80841 -5.73219 0.55708
-9.84017 -5.74838 0.55708
-9.86537 -5.77358 0.55708
-9.88156 -5.80534 0.55708
-9.88713 -5.84055 0.55708
-9.88156 -5.87575 0.55708
-9.86537 -5.90751 0.55708
-9.84017 -5.93272 0.55708
-9.80841 -5.9489 0.55708
-9.7732 -5.95448 0.55708
-9.73799 -5.9489 0.55708
-9.70623 -5.93272 0.55708
-9.68103 -5.90751 0.55708
-9.66485 -5.87575 0.55708
-9.65927 -5.84055 0.55708

-9.7732 -5.84055 0.568589
-9.7732 -5.84055 0.568589
-9.7732 -5.84055 0.568589
-9.7732 -5.84055 0.568589
-9.7732 -5.84055 0.568589
-9.7732 -5.84055 0.568589
-9.7732 -5.84055 0.568589
-9.7732 -5.84055 0.568589
-9.7732 -5.84055 0.568589
-9.7732 -5.84055 0.568589
-9.7732 -5.84055 0.568589
-9.7732 -5.84055 0.568589
-9.7732 -5.84055 0.568589
-9.7732 -5.84055 0.568589
-9.7732 -5.84055 0.568589
-9.7732 -5.84055 0.568589
-9.7732 -5.84055 0.568589
-9.7732 -5.84055 0.568589
-9.7732 -5.84055 0.568589
-9.7732 -5.84055 0.568589
-9.7732 -5.84055 0.568589


-1.80639 4.02553 -0.0566262
-1.86293 4.38248 -0.0566262
-2.027 4.70449 -0.0566262
-2.28255 4.96004 -0.0566262
-2.60456 5.12412 -0.0566262
-2.96152 5.18065 -0.0566262
-3.31847 5.12412 -0.0566262
-3.64048 4.96004 -0.0566262
-3.89603 4.70449 -0.0566262
-4.0601 4.38248 -0.0566262
-4.11664 4.02553 -0.0566262
-4.0601 3.66858 -0.0566262
-3.89603 3.34656 -0.0566262
-3.64048 3.09101 -0.0566262
-3.31847 2.92694 -0.0566262
-2.96152 2.8704 -0.0566262
-2.60456 2.92694 -0.0566262
-2.28255 3.09101 -0.0566262
-2.027 3.34656 -0.0566262
-1.86293 3.66858 -0.0566262
-1.80639 4.02553 -0.0566262

-2.03742 4.02553 0.636448
-2.08265 4.31109 0.636448
-2.2139 4.5687 0.636448
-2.41834 4.77314 0.636448
-2.67595 4.9044 0.636448
-2.96152 4.94963 0.636448
-3.24708 4.9044 0.636448
-3.50469 4.77314 0.636448
-3.70913 4.5687 0.636448
-3.84039 4.31109 0.636448
-3.88562 4.02553 0.636448
-3.84039 3.73997 0.636448
-3.70913 3.48236 0.636448
-3.50469 3.27792 0.636448
-3.24708 3.14666 0.636448
-2.96152 3.10143 0.636448
-2.67595 3.14666 0.636448
-2.41834 3.27792 0.636448
-2.2139 3.48236 0.636448
-2.08265 3.73997 0.636448
-2.03742 4.02553 0.636448

-2.26844 4.02553 0.867473
-2.30236 4.2397 0.867473
-2.40081 4.43291 0.867473
-2.55414 4.58624 0.867473
-2.74734 4.68468 0.867473
-2.96152 4.7186 0.867473
-3.17569 4.68468 0.867473
-3.36889 4.58624 0.867473
-3.52222 4.43291 0.867473
-3.62067 4.2397 0.867473
-3.65459 4.02553 0.867473
-3.62067 3.81136 0.867473
-3.52222 3.61815 0.867473
-3.36889 3.46482 0.867473
-3.17569 3.36638 0.867473
-2.96152 3.33245 0.867473
-2.74734 3.36638 0.867473
-2.55414 3.46482 0.867473
-2.40081 3.61815 0.867473
-2.30236 3.81136 0.867473
-2.26844 4.02553 0.867473

-2.49947 4.02553 1.00206
-2.52208 4.16831 1.00206
-2.58771 4.29711 1.00206
-2.68993 4.39933 1.00206
-2.81873 4.46496 1.00206
-2.96152 4.48758 1.00206
-3.1043 4.46496 1.00206
-3.2331 4.39933 1.00206
-3.33532 4.29711 1.00206
-3.40095 4.16831 1.00206
-3.42357 4.02553 1.00206
-3.40095 3.88275 1.00206
-3.33532 3.75394 1.00206
-3.2331 3.65172 1.00206
-3.1043 3.58609 1.00206
-2.96152 3.56348 1.00206
-2.81873 3.58609 1.00206
-2.68993 3.65172 1.00206
-2.58771 3.75394 1.00206
-2.52208 3.88275 1.00206
-2.49947 4.02553 1.00206

-2.73049 4.02553 1.07516
-2.7418 4.09692 1.07516
-2.77461 4.16132 1.07516
-2.82572 4.21243 1.07516
-2.89013 4.24525 1.07516
-2.96152 4.25655 1.07516
-3.03291 4.24525 1.07516
-3.09731 4.21243 1.07516
-3.14842 4.16132 1.07516
-3.18123 4.09692 1.07516
-3.19254 4.02553 1.07516
-3.18123 3.95414 1.07516
-3.14842 3.88974 1.07516
-3.09731 3.83863 1.07516
-3.03291 3.80581 1.07516
-2.96152 3.7945 1.07516
-2.89013 3.80581 1.07516
-2.82572 3.83863 1.07516
-2.77461 3.88974 1.07516
-2.7418 3.95414 1.07516
-2.73049 4.02553 1.07516


-2.48226 -11.5582 -0.0440123
-2.54467 -11.1641 -0.0440123
-2.7258 -10.8087 -0.0440123
-3.00791 -10.5265 -0.0440123
-3.3634 -10.3454 -0.0440123
-3.75745 -10.283 -0.0440123
-4.15151 -10.3454 -0.0440123
-4.50699 -10.5265 -0.0440123
-4.7891 -10.8087 -0.0440123
-4.97023 -11.1641 -0.0440123
-5.03264 -11.5582 -0.0440123
-4.97023 -11.9522 -0.0440123
-4.7891 -12.3077 -0.0440123
-4.50699 -12.5898 -0.0440123
-4.15151 -12.771 -0.0440123
-3.75745 -12.8334 -0.0440123
-3.3634 -12.771 -0.0440123
-3.00791 -12.5898 -0.0440123
-2.7258 -12.3077 -0.0440123
-2.54467 -11.9522 -0.0440123
-2.48226 -11.5582 -0.0440123

-2.7373 -11.5582 0.721103
-2.78723 -11.2429 0.721103
-2.93213 -10.9586 0.721103
-3.15782 -10.7329 0.721103
-3.44221 -10.588 0.721103
-3.75745 -10.538 0.721103
-4.0727 -10.588 0.721103
-4.35708 -10.7329 0.721103
-4.58277 -10.9586 0.721103
-4.72768 -11.2429 0.721103
-4.77761 -11.5582 0.721103
-4.72768 -11.8734 0.721103
-4.58277 -12.1578 0.721103
-4.35708 -12.3835 0.721103
-4.0727 -12.5284 0.721103
-3.75745 -12.5783 0.721103
-3.44221 -12.5284 0.721103
-3.15782 -12.3835 0.721103
-2.93213 -12.1578 0.721103
-2.78723 -11.8734 0.721103
-2.7373 -11.5582 0.721103

-2.99234 -11.5582 0.976142
-3.02978 -11.3218 0.976142
-3.13846 -11.1085 0.976142
-3.30773 -10.9392 0.976142
-3.52102 -10.8305 0.976142
-3.75745 -10.7931 0.976142
-3.99389 -10.8305 0.976142
-4.20718 -10.9392 0.976142
-4.37644 -11.1085 0.976142
-4.48512 -11.3218 0.976142
-4.52257 -11.5582 0.976142
-4.48512 -11.7946 0.976142
-4.37644 -12.0079 0.976142
-4.20718 -12.1772 0.976142
-3.99389 -12.2859 0.976142
-3.75745 -12.3233 0.976142
-3.52102 -12.2859 0.976142
-3.30773 -12.1772 0.976142
-3.13846 -12.0079 0.976142
-3.02978 -11.7946 0.976142
-2.99234 -11.5582 0.976142

-3.24737 -11.5582 1.12472
-3.27234 -11.4006 1.12472
-3.34479 -11.2584 1.12472
-3.45764 -11.1455 1.12472
-3.59983 -11.0731 1.12472
-3.75745 -11.0481 1.12472
-3.91507 -11.0731 1.12472
-4.05727 -11.1455 1.12472
-4.17011 -11.2584 1.12472
-4.24256 -11.4006 1.12472
-4.26753 -11.5582 1.12472
-4.24256 -11.7158 1.12472
-4.17011 -11.858 1.12472
-4.05727 -11.9709 1.12472
-3.91507 -12.0433 1.12472
-3.75745 -12.0683 1.12472
-3.59983 -12.0433 1.12472
-3.45764 -11.9709 1.12472
-3.34479 -11.858 1.12472
-3.27234 -11.7158 1.12472
-3.24737 -11.5582 1.12472

-3.50241 -11.5582 1.20542
-3.5149 -11.4794 1.20542
-3.55112 -11.4083 1.20542
-3.60754 -11.3519 1.20542
-3.67864 -11.3156 1.20542
-3.75745 -11.3032 1.20542
-3.83626 -11.3156 1.20542
-3.90736 -11.3519 1.20542
-3.96378 -11.4083 1.20542
-4.00001 -11.4794 1.20542
-4.01249 -11.5582 1.20542
-4.00001 -11.637 1.20542
-3.96378 -11.7081 1.20542
-3.90736 -11.7645 1.20542
-3.83626 -11.8007 1.20542
-3.75745 -11.8132 1.20542
-3.67864 -11.8007 1.20542
-3.60754 -11.7645 1.20542
-3.55112 -11.7081 1.20542
-3.5149 -11.637 1.20542
-3.50241 -11.5582 1.20542

-3.75745 -11.5582 1.23118
-3.75745 -11.5582 1.23118
-3.75745 -11.5582 1.23118
-3.75745 -11.5582 1.23118
-3.75745 -11.5582 1.23118
-3.75745 -11.5582 1.23118
-3.75745 -11.5582 1.23118
-3.75745 -11.5582 1.23118
-3.75745 -11.5582 1.23118
-3.75745 -11.5582 1.23118
-3.75745 -11.5582 1.23118
-3.75745 -11.5582 1.23118
-3.75745 -11.5582 1.23118
-3.75745 -11.5582 1.23118
-3.75745 -11.5582 1.23118
-3.75745 -11.5582 1.23118
-3.75745 -11.5582 1.23118
-3.75745 -11.5582 1.23118
-3.75745 -11.5582 1.23118
-3.75745 -11.5582 1.23118
-3.75745 -11.5582 1.23118


1.27126 -11.2821 -0.00992489
1.21904 -10.9524 -0.00992489
1.06749 -10.655 -0.00992489
0.83145 -10.419 -0.00992489
0.53402 -10.2674 -0.00992489
0.204317 -10.2152 -0.00992489
-0.125386 -10.2674 -0.00992489
-0.422815 -10.419 -0.00992489
-0.658856 -10.655 -0.00992489
-0.810404 -10.9524 -0.00992489
-0.862624 -11.2821 -0.00992489
-0.810404 -11.6118 -0.00992489
-0.658856 -11.9093 -0.00992489
-0.422815 -12.1453 -0.00992489
-0.125386 -12.2969 -0.00992489
0.204317 -12.3491 -0.00992489
0.53402 -12.2969 -0.00992489
0.83145 -12.1453 -0.00992489
1.06749 -11.9093 -0.00992489
1.21904 -11.6118 -0.00992489
1.27126 -11.2821 -0.00992489

1.05787 -11.2821 0.63024
1.01609 -11.0184 0.63024
0.894856 -10.7804 0.63024
0.706023 -10.5916 0.63024
0.46808 -10.4704 0.63024
0.204317 -10.4286 0.63024
-0.0594449 -10.4704 0.63024
-0.297388 -10.5916 0.63024
-0.486221 -10.7804 0.63024
-0.60746 -11.0184 0.63024
-0.649236 -11.2821 0.63024
-0.60746 -11.5459 0.63024
-0.486221 -11.7838 0.63024
-0.297388 -11.9727 0.63024
-0.0594449 -12.0939 0.63024
0.204317 -12.1357 0.63024
0.46808 -12.0939 0.63024
0.706023 -11.9727 0.63024
0.894856 -11.7838 0.63024
1.01609 -11.5459 0.63024
1.05787 -11.2821 0.63024

0.844482 -11.2821 0.843628
0.81315 -11.0843 0.843628
0.722222 -10.9059 0.843628
0.580597 -10.7642 0.843628
0.402139 -10.6733 0.843628
0.204317 -10.642 0.843628
0.00649566 -10.6733 0.843628
-0.171962 -10.7642 0.843628
-0.313587 -10.9059 0.843628
-0.404515 -11.0843 0.843628
-0.435847 -11.2821 0.843628
-0.404515 -11.48 0.843628
-0.313587 -11.6584 0.843628
-0.171962 -11.8 0.843628
0.00649566 -11.891 0.843628
0.204317 -11.9223 0.843628
0.402139 -11.891 0.843628
0.580597 -11.8 0.843628
0.722222 -11.6584 0.843628
0.81315 -11.48 0.843628
0.844482 -11.2821 0.843628

0.631094 -11.2821 0.967943
0.610206 -11.1503 0.967943
0.549587 -11.0313 0.967943
0.45517 -10.9369 0.967943
0.336199 -10.8762 0.967943
0.204317 -10.8554 0.967943
0.0724363 -10.8762 0.967943
-0.0465355 -10.9369 0.967943
-0.140952 -11.0313 0.967943
-0.201571 -11.1503 0.967943
-0.222459 -11.2821 0.967943
-0.201571 -11.414 0.967943
-0.140952 -11.533 0.967943
-0.0465355 -11.6274 0.967943
0.0724363 -11.688 0.967943
0.204317 -11.7089 0.967943
0.336199 -11.688 0.967943
0.45517 -11.6274 0.967943
0.549587 -11.533 0.967943
0.610206 -11.414 0.967943
0.631094 -11.2821 0.967943

0.417706 -11.2821 1.03546
0.407262 -11.2162 1.03546
0.376952 -11.1567 1.03546
0.329744 -11.1095 1.03546
0.270258 -11.0792 1.03546
0.204317 -11.0687 1.03546
0.138377 -11.0792 1.03546
0.078891 -11.1095 1.03546
0.0316827 -11.1567 1.03546
0.00137316 -11.2162 1.03546
-0.0090708 -11.2821 1.03546
0.00137316 -11.3481 1.03546
0.0316827 -11.4076 1.03546
0.078891 -11.4548 1.03546
0.138377 -11.4851 1.03546
0.204317 -11.4955 1.03546
0.270258 -11.4851 1.03546
0.329744 -11.4548 1.03546
0.376952 -11.4076 1.03546
0.407262 -11.3481 1.03546
0.417706 -11.2821 1.03546


4.40651 -8.38738 -0.110919
4.3508 -8.03563 -0.110919
4.18911 -7.71831 -0.110919
3.93729 -7.46648 -0.110919
3.61996 -7.3048 -0.110919
3.26821 -7.24908 -0.110919
2.91646 -7.3048 -0.110919
2.59914 -7.46648 -0.110919
2.34731 -7.71831 -0.110919
2.18562 -8.03563 -0.110919
2.12991 -8.38738 -0.110919
2.18562 -8.73914 -0.110919
2.34731 -9.05646 -0.110919
2.59914 -9.30829 -0.110919
2.91646 -9.46997 -0.110919
3.26821 -9.52568 -0.110919
3.61996 -9.46997 -0.110919
3.93729 -9.30829 -0.110919
4.18911 -9.05646 -0.110919
4.3508 -8.73914 -0.110919
4.40651 -8.38738 -0.110919

4.17885 -8.38738 0.57206
4.13428 -8.10598 0.57206
4.00493 -7.85212 0.57206
3.80347 -7.65066 0.57206
3.54961 -7.52131 0.57206
3.26821 -7.47674 0.57206
2.98681 -7.52131 0.57206
2.73295 -7.65066 0.57206
2.53149 -7.85212 0.57206
2.40214 -8.10598 0.57206
2.35757 -8.38738 0.57206
2.40214 -8.66879 0.57206
2.53149 -8.92264 0.57206
2.73295 -9.12411 0.57206
2.98681 -9.25345 0.57206
3.26821 -9.29802 0.57206
3.54961 -9.25345 0.57206
3.80347 -9.12411 0.57206
4.00493 -8.92264 0.57206
4.13428 -8.66879 0.57206
4.17885 -8.38738 0.57206

3.95119 -8.38738 0.79972
3.91776 -8.17633 0.79972
3.82075 -7.98594 0.79972
3.66966 -7.83484 0.79972
3.47926 -7.73783 0.79972
3.26821 -7.7044 0.79972
3.05716 -7.73783 0.79972
2.86677 -7.83484 0.79972
2.71567 -7.98594 0.79972
2.61866 -8.17633 0.79972
2.58523 -8.38738 0.79972
2.61866 -8.59844 0.79972
2.71567 -8.78883 0.79972
2.86677 -8.93993 0.79972
3.05716 -9.03694 0.79972
3.26821 -9.07036 0.79972
3.47926 -9.03694 0.79972
3.66966 -8.93993 0.79972
3.82075 -8.78883 0.79972
3.91776 -8.59844 0.79972
3.95119 -8.38738 0.79972

3.72353 -8.38738 0.932349
3.70125 -8.24668 0.932349
3.63657 -8.11975 0.932349
3.53584 -8.01902 0.932349
3.40891 -7.95435 0.932349
3.26821 -7.93206 0.932349
3.12751 -7.95435 0.932349
3.00058 -8.01902 0.932349
2.89985 -8.11975 0.932349
2.83518 -8.24668 0.932349
2.81289 -8.38738 0.932349
2.83518 -8.52808 0.932349
2.89985 -8.65501 0.932349
3.00058 -8.75574 0.932349
3.12751 -8.82042 0.932349
3.26821 -8.8427 0.932349
3.40891 -8.82042 0.932349
3.53584 -8.75574 0.932349
3.63657 -8.65501 0.932349
3.70125 -8.52808 0.932349
3.72353 -8.38738 0.932349

3.49587 -8.38738 1.00438
3.48473 -8.31703 1.00438
3.45239 -8.25357 1.00438
3.40203 -8.2032 1.00438
3.33856 -8.17087 1.00438
3.26821 -8.15972 1.00438
3.19786 -8.17087 1.00438
3.1344 -8.2032 1.00438
3.08403 -8.25357 1.00438
3.05169 -8.31703 1.00438
3.04055 -8.38738 1.00438
3.05169 -8.45773 1.00438
3.08403 -8.5212 1.00438
3.1344 -8.57156 1.00438
3.19786 -8.6039 1.00438
3.26821 -8.61504 1.00438
3.33856 -8.6039 1.00438
3.40203 -8.57156 1.00438
3.45239 -8.5212 1.00438
3.48473 -8.45773 1.00438
3.49587 -8.38738 1.00438

3.26821 -8.38738 1.02738
3.26821 -8.38738 1.02738
3.26821 -8.38738 1.02738
3.26821 -8.38738 1.02738
3.26821 -8.38738 1.02738
3.26821 -8.38738 1.02738
3.26821 -8.38738 1.02738
3.26821 -8.38738 1.02738
3.26821 -8.38738 1.02738
3.26821 -8.38738 1.02738
3.26821 -8.38738 1.02738
3.26821 -8.38738 1.02738
3.26821 -8.38738 1.02738
3.26821 -8.38738 1.02738
3.26821 -8.38738 1.02738
3.26821 -8.38738 1.02738
3.26821 -8.38738 1.02738
3.26821 -8.38738 1.02738
3.26821 -8.38738 1.02738
3.26821 -8.38738 1.02738
3.26821 -8.38738 1.02738


1.50816 -8.17642 0.350058
1.46469 -7.90198 0.350058
1.33854 -7.65441 0.350058
1.14207 -7.45793 0.350058
0.894491 -7.33178 0.350058
0.620051 -7.28832 0.350058
0.345611 -7.33178 0.350058
0.0980358 -7.45793 0.350058
-0.0984414 -7.65441 0.350058
-0.224587 -7.90198 0.350058
-0.268054 -8.17642 0.350058
-0.224587 -8.45086 0.350058
-0.0984414 -8.69844 0.350058
0.0980358 -8.89492 0.350058
0.345611 -9.02106 0.350058
0.620051 -9.06453 0.350058
0.894491 -9.02106 0.350058
1.14207 -8.89492 0.350058
1.33854 -8.69844 0.350058
1.46469 -8.45086 0.350058
1.50816 -8.17642 0.350058

1.33054 -8.17642 0.882921
1.29576 -7.95687 0.882921
1.19485 -7.75881 0.882921
1.03766 -7.60163 0.882921
0.839603 -7.50071 0.882921
0.620051 -7.46594 0.882921
0.400499 -7.50071 0.882921
0.202439 -7.60163 0.882921
0.0452571 -7.75881 0.882921
-0.0556598 -7.95687 0.882921
-0.0904333 -8.17642 0.882921
-0.0556598 -8.39597 0.882921
0.0452571 -8.59404 0.882921
0.202439 -8.75122 0.882921
0.400499 -8.85213 0.882921
0.620051 -8.88691 0.882921
0.839603 -8.85213 0.882921
1.03766 -8.75122 0.882921
1.19485 -8.59404 0.882921
1.29576 -8.39597 0.882921
1.33054 -8.17642 0.882921

1.15291 -8.17642 1.06054
1.12683 -8.01176 1.06054
1.05115 -7.86321 1.06054
0.93326 -7.74533 1.06054
0.784715 -7.66964 1.06054
0.620051 -7.64356 1.06054
0.455387 -7.66964 1.06054
0.306842 -7.74533 1.06054
0.188956 -7.86321 1.06054
0.113268 -8.01176 1.06054
0.0871878 -8.17642 1.06054
0.113268 -8.34109 1.06054
0.188956 -8.48963 1.06054
0.306842 -8.60752 1.06054
0.455387 -8.68321 1.06054
0.620051 -8.70929 1.06054
0.784715 -8.68321 1.06054
0.93326 -8.60752 1.06054
1.05115 -8.48963 1.06054
1.12683 -8.34109 1.06054
1.15291 -8.17642 1.06054

0.975293 -8.17642 1.16402
0.957906 -8.06665 1.16402
0.907448 -7.96762 1.16402
0.828857 -7.88903 1.16402
0.729827 -7.83857 1.16402
0.620051 -7.82118 1.16402
0.510275 -7.83857 1.16402
0.411245 -7.88903 1.16402
0.332654 -7.96762 1.16402
0.282196 -8.06665 1.16402
0.264809 -8.17642 1.16402
0.282196 -8.2862 1.16402
0.332654 -8.38523 1.16402
0.411245 -8.46382 1.16402
0.510275 -8.51428 1.16402
0.620051 -8.53167 1.16402
0.729827 -8.51428 1.16402
0.828857 -8.46382 1.16402
0.907448 -8.38523 1.16402
0.957906 -8.2862 1.16402
0.975293 -8.17642 1.16402

0.797672 -8.17642 1.22022
0.788979 -8.12154 1.22022
0.76375 -8.07202 1.22022
0.724454 -8.03272 1.22022
0.674939 -8.0075 1.22022
0.620051 -7.9988 1.22022
0.565163 -8.0075 1.22022
0.515648 -8.03272 1.22022
0.476353 -8.07202 1.22022
0.451123 -8.12154 1.22022
0.44243 -8.17642 1.22022
0.451123 -8.23131 1.22022
0.476353 -8.28083 1.22022
0.515648 -8.32012 1.22022
0.565163 -8.34535 1.22022
0.620051 -8.35404 1.22022
0.674939 -8.34535 1.22022
0.724454 -8.32012 1.22022
0.76375 -8.28083 1.22022
0.788979 -8.23131 1.22022
0.797672 -8.17642 1.22022


-2.622 3.53372 -0.28657
-2.67879 3.89231 -0.28657
-2.84362 4.21579 -0.28657
-3.10034 4.47251 -0.28657
-3.42382 4.63733 -0.28657
-3.78241 4.69413 -0.28657
-4.14099 4.63733 -0.28657
-4.46448 4.47251 -0.28657
-4.7212 4.21579 -0.28657
-4.88602 3.89231 -0.28657
-4.94282 3.53372 -0.28657
-4.88602 3.17513 -0.28657
-4.7212 2.85165 -0.28657
-4.46448 2.59493 -0.28657
-4.14099 2.4301 -0.28657
-3.78241 2.37331 -0.28657
-3.42382 2.4301 -0.28657
-3.10034 2.59493 -0.28657
-2.84362 2.85165 -0.28657
-2.67879 3.17513 -0.28657
-2.622 3.53372 -0.28657

-2.85408 3.53372 0.409675
-2.89952 3.82059 0.409675
-3.03138 4.07938 0.409675
-3.23675 4.28475 0.409675
-3.49554 4.41661 0.409675
-3.78241 4.46205 0.409675
-4.06928 4.41661 0.409675
-4.32807 4.28475 0.409675
-4.53344 4.07938 0.409675
-4.6653 3.82059 0.409675
-4.71074 3.53372 0.409675
-4.6653 3.24685 0.409675
-4.53344 2.98806 0.409675
-4.32807 2.78269 0.409675
-4.06928 2.65083 0.409675
-3.78241 2.60539 0.409675
-3.49554 2.65083 0.409675
-3.23675 2.78269 0.409675
-3.03138 2.98806 0.409675
-2.89952 3.24685 0.409675
-2.85408 3.53372 0.409675

-3.08616 3.53372 0.641757
-3.12024 3.74887 0.641757
-3.21913 3.94296 0.641757
-3.37317 4.09699 0.641757
-3.56726 4.19589 0.641757
-3.78241 4.22996 0.641757
-3.99756 4.19589 0.641757
-4.19165 4.09699 0.641757
-4.34568 3.94296 0.641757
-4.44458 3.74887 0.641757
-4.47865 3.53372 0.641757
-4.44458 3.31857 0.641757
-4.34568 3.12448 0.641757
-4.19165 2.97044 0.641757
-3.99756 2.87155 0.641757
-3.78241 2.83747 0.641757
-3.56726 2.87155 0.641757
-3.37317 2.97044 0.641757
-3.21913 3.12448 0.641757
-3.12024 3.31857 0.641757
-3.08616 3.53372 0.641757

-3.31824 3.53372 0.776962
-3.34096 3.67715 0.776962
-3.40689 3.80655 0.776962
-3.50958 3.90924 0.776962
-3.63897 3.97516 0.776962
-3.78241 3.99788 0.776962
-3.92584 3.97516 0.776962
-4.05524 3.90924 0.776962
-4.15792 3.80655 0.776962
-4.22385 3.67715 0.776962
-4.24657 3.53372 0.776962
-4.22385 3.39028 0.776962
-4.15792 3.26089 0.776962
-4.05524 3.1582 0.776962
-3.92584 3.09227 0.776962
-3.78241 3.06956 0.776962
-3.63897 3.09227 0.776962
-3.50958 3.1582 0.776962
-3.40689 3.26089 0.776962
-3.34096 3.39028 0.776962
-3.31824 3.53372 0.776962

-3.55033 3.53372 0.850394
-3.56169 3.60544 0.850394
-3.59465 3.67013 0.850394
-3.64599 3.72148 0.850394
-3.71069 3.75444 0.850394
-3.78241 3.7658 0.850394
-3.85413 3.75444 0.850394
-3.91882 3.72148 0.850394
-3.97017 3.67013 0.850394
-4.00313 3.60544 0.850394
-4.01449 3.53372 0.850394
-4.00313 3.462 0.850394
-3.97017 3.3973 0.850394
-3.91882 3.34596 0.850394
-3.85413 3.313 0.850394
-3.78241 3.30164 0.850394
-3.71069 3.313 0.850394
-3.64599 3.34596 0.850394
-3.59465 3.3973 0.850394
-3.56169 3.462 0.850394
-3.55033 3.53372 0.850394


3.58085 12.4757 -1.58168
3.54804 12.6829 -1.58168
3.45282 12.8698 -1.58168
3.30451 13.0181 -1.58168
3.11763 13.1133 -1.58168
2.91047 13.1461 -1.58168
2.70331 13.1133 -1.58168
2.51643 13.0181 -1.58168
2.36812 12.8698 -1.58168
2.2729 12.6829 -1.58168
2.24008 12.4757 -1.58168
2.2729 12.2686 -1.58168
2.36812 12.0817 -1.58168
2.51643 11.9334 -1.58168
2.70331 11.8382 -1.58168
2.91047 11.8053 -1.58168
3.11763 11.8382 -1.58168
3.30451 11.9334 -1.58168
3.45282 12.0817 -1.58168
3.54804 12.2686 -1.58168
3.58085 12.4757 -1.58168

3.44678 12.4757 -1.17945
3.42053 12.6415 -1.17945
3.34435 12.791 -1.17945
3.2257 12.9096 -1.17945
3.0762 12.9858 -1.17945
2.91047 13.012 -1.17945
2.74474 12.9858 -1.17945
2.59524 12.9096 -1.17945
2.47659 12.791 -1.17945
2.40041 12.6415 -1.17945
2.37416 12.4757 -1.17945
2.40041 12.31 -1.17945
2.47659 12.1605 -1.17945
2.59524 12.0418 -1.17945
2.74474 11.9657 -1.17945
2.91047 11.9394 -1.17945
3.0762 11.9657 -1.17945
3.2257 12.0418 -1.17945
3.34435 12.1605 -1.17945
3.42053 12.31 -1.17945
3.44678 12.4757 -1.17945

3.3127 12.4757 -1.04538
3.29301 12.6 -1.04538
3.23588 12.7122 -1.04538
3.14689 12.8011 -1.04538
3.03477 12.8583 -1.04538
2.91047 12.878 -1.04538
2.78617 12.8583 -1.04538
2.67404 12.8011 -1.04538
2.58506 12.7122 -1.04538
2.52793 12.6 -1.04538
2.50824 12.4757 -1.04538
2.52793 12.3514 -1.04538
2.58506 12.2393 -1.04538
2.67404 12.1503 -1.04538
2.78617 12.0932 -1.04538
2.91047 12.0735 -1.04538
3.03477 12.0932 -1.04538
3.14689 12.1503 -1.04538
3.23588 12.2393 -1.04538
3.29301 12.3514 -1.04538
3.3127 12.4757 -1.04538

3.17862 12.4757 -0.967265
3.1655 12.5586 -0.967265
3.12741 12.6333 -0.967265
3.06809 12.6927 -0.967265
2.99333 12.7308 -0.967265
2.91047 12.7439 -0.967265
2.82761 12.7308 -0.967265
2.75285 12.6927 -0.967265
2.69353 12.6333 -0.967265
2.65544 12.5586 -0.967265
2.64232 12.4757 -0.967265
2.65544 12.3929 -0.967265
2.69353 12.3181 -0.967265
2.75285 12.2588 -0.967265
2.82761 12.2207 -0.967265
2.91047 12.2076 -0.967265
2.99333 12.2207 -0.967265
3.06809 12.2588 -0.967265
3.12741 12.3181 -0.967265
3.1655 12.3929 -0.967265
3.17862 12.4757 -0.967265

3.04455 12.4757 -0.924843
3.03798 12.5172 -0.924843
3.01894 12.5545 -0.924843
2.98928 12.5842 -0.924843
2.9519 12.6032 -0.924843
2.91047 12.6098 -0.924843
2.86904 12.6032 -0.924843
2.83166 12.5842 -0.924843
2.802 12.5545 -0.924843
2.78295 12.5172 -0.924843
2.77639 12.4757 -0.924843
2.78295 12.4343 -0.924843
2.802 12.3969 -0.924843
2.83166 12.3673 -0.924843
2.86904 12.3482 -0.924843
2.91047 12.3417 -0.924843
2.9519 12.3482 -0.924843
2.98928 12.3673 -0.924843
3.01894 12.3969 -0.924843
3.03798 12.4343 -0.924843
3.04455 12.4757 -0.924843


